Cycle - m/z 18.00 ch0	Amplitude - m/z 18.00 ch0	Cycle - m/z 21.00 ch1	Amplitude - m/z 21.00 ch1	Cycle - m/z 25.00 ch2	Amplitude - m/z 25.00 ch2	Cycle - m/z 30.00 ch3	Amplitude - m/z 30.00 ch3	Cycle - m/z 32.00 ch4	Amplitude - m/z 32.00 ch4	Cycle - m/z 37.00 ch5	Amplitude - m/z 37.00 ch5	Cycle - m/z 59.00 ch6	Amplitude - m/z 59.00 ch6	Cycle - m/z 107.00 ch7	Amplitude - m/z 107.00 ch7	Cycle - m/z 137.00 ch8	Amplitude - m/z 137.00 ch8	Cycle - m/z 121.00 ch9	Amplitude - m/z 121.00 ch9	Cycle - m/z 123.00 ch10	Amplitude - m/z 123.00 ch10	Cycle - m/z 151.00 ch11	Amplitude - m/z 151.00 ch11	Cycle - m/z 153.00 ch12	Amplitude - m/z 153.00 ch12	Cycle - m/z 165.00 ch13	Amplitude - m/z 165.00 ch13	Cycle - m/z 213.00 ch14	Amplitude - m/z 213.00 ch14	Cycle - m/z 229.00 ch15	Amplitude - m/z 229.00 ch15	Cycle - m/z 271.00 ch16	Amplitude - m/z 271.00 ch16	Cycle - m/z 109.00 ch17	Amplitude - m/z 109.00 ch17	Cycle - m/z 131.00 ch18	Amplitude - m/z 131.00 ch18	Cycle - m/z 138.00 ch19	Amplitude - m/z 138.00 ch19	Cycle - m/z 167.00 ch20	Amplitude - m/z 167.00 ch20	Cycle - m/z 179.00 ch21	Amplitude - m/z 179.00 ch21	Cycle - m/z 181.00 ch22	Amplitude - m/z 181.00 ch22	Cycle - m/z 193.00 ch23	Amplitude - m/z 193.00 ch23	Cycle - m/z 205.00 ch24	Amplitude - m/z 205.00 ch24	Cycle - m/z 285.00 ch25	Amplitude - m/z 285.00 ch25	Cycle - m/z 295.00 ch26	Amplitude - m/z 295.00 ch26	Cycle - m/z 299.00 ch27	Amplitude - m/z 299.00 ch27	Cycle - m/z 327.00 ch28	Amplitude - m/z 327.00 ch28	Cycle - m/z 59.00 ch29	Amplitude - m/z 59.00 ch29	
0	4,1E+2	0	6,7E+7	0	0,0	0	0,1	0	0,2	0	0,8	0	2,1	0	0,3	0	0,1	0	0,1	0	0,1	0	0,0	0	0,1	0	0,0	0	0,0	0	0,0	0	0,0	0	0,3	0	0,1	0	0,0	0	0,0	0	0,0	0	0,0	0	0,0	0	0,0	0	0,0	0	0,0	0	0,0	0	NaN	0	2,0	
1	4,3E+2	1	6,9E+7	1	0,0	1	0,1	1	0,2	1	0,8	1	1,9	1	0,3	1	0,0	1	0,2	1	0,1	1	0,1	1	0,1	1	0,0	1	0,0	1	0,0	1	0,0	1	0,4	1	0,0	1	0,0	1	0,0	1	0,0	1	0,0	1	0,0	1	0,0	1	0,0	1	0,0	1	0,0	1	NaN	1	1,9	
2	4,4E+2	2	6,7E+7	2	0,0	2	0,1	2	0,2	2	0,8	2	2,3	2	0,3	2	0,2	2	0,2	2	0,1	2	0,0	2	0,1	2	0,0	2	0,0	2	0,0	2	0,0	2	0,5	2	0,1	2	0,0	2	0,0	2	0,0	2	0,0	2	0,0	2	0,0	2	0,0	2	0,0	2	0,0	2	NaN	2	2,0	
3	4,2E+2	3	7,0E+7	3	0,0	3	0,1	3	0,2	3	0,8	3	1,8	3	0,3	3	0,1	3	0,2	3	0,1	3	0,1	3	0,1	3	0,0	3	0,0	3	0,0	3	0,0	3	0,3	3	0,1	3	0,0	3	0,0	3	0,0	3	0,0	3	0,0	3	0,0	3	0,0	3	0,0	3	0,0	3	NaN	3	1,7	
4	4,3E+2	4	6,8E+7	4	0,0	4	0,1	4	0,2	4	0,8	4	2,2	4	0,3	4	0,1	4	0,2	4	0,1	4	0,0	4	0,1	4	0,0	4	0,0	4	0,0	4	0,0	4	0,5	4	0,1	4	0,0	4	0,0	4	0,0	4	0,0	4	0,0	4	0,0	4	0,0	4	0,0	4	0,0	4	NaN	4	1,8	
5	4,2E+2	5	7,2E+7	5	0,0	5	0,1	5	0,2	5	0,8	5	2,3	5	0,2	5	0,1	5	0,2	5	0,1	5	0,0	5	0,0	5	0,0	5	0,0	5	0,0	5	0,0	5	0,2	5	0,1	5	0,0	5	0,0	5	0,0	5	0,0	5	0,0	5	0,0	5	0,0	5	0,0	5	0,0	5	NaN	5	2,3	
6	4,3E+2	6	7,0E+7	6	0,0	6	0,1	6	0,2	6	0,8	6	2,1	6	0,2	6	0,2	6	0,1	6	0,1	6	0,0	6	0,1	6	0,0	6	0,0	6	0,0	6	0,0	6	0,3	6	0,0	6	0,0	6	0,0	6	0,0	6	0,0	6	0,0	6	0,0	6	0,0	6	0,0	6	0,0	6	NaN	6	2,1	
7	4,4E+2	7	6,9E+7	7	0,0	7	0,1	7	0,2	7	2,0	7	11,9	7	0,5	7	1,0	7	0,3	7	0,1	7	0,0	7	0,1	7	0,1	7	0,0	7	0,0	7	0,0	7	0,6	7	0,1	7	0,0	7	0,0	7	0,0	7	0,0	7	0,0	7	0,0	7	0,0	7	0,0	7	0,0	7	NaN	7	3,7	
8	4,4E+2	8	7,1E+7	8	0,0	8	0,1	8	0,2	8	1,0	8	2,3	8	0,2	8	0,4	8	0,2	8	0,1	8	0,0	8	0,1	8	0,0	8	0,0	8	0,0	8	0,0	8	0,3	8	0,1	8	0,0	8	0,0	8	0,0	8	0,0	8	0,0	8	0,0	8	0,0	8	0,0	8	0,0	8	NaN	8	2,1	
9	4,3E+2	9	7,0E+7	9	0,0	9	0,1	9	0,2	9	1,0	9	2,0	9	0,3	9	0,4	9	0,0	9	0,2	9	0,0	9	0,1	9	0,1	9	0,0	9	0,0	9	0,0	9	0,5	9	0,1	9	0,0	9	0,0	9	0,0	9	0,0	9	0,0	9	0,0	9	0,0	9	0,0	9	0,0	9	Inf	9	2,2	
10	4,3E+2	10	7,1E+7	10	0,0	10	0,1	10	0,2	10	1,0	10	2,0	10	0,2	10	0,2	10	0,1	10	0,1	10	0,0	10	0,1	10	0,0	10	0,0	10	0,0	10	0,0	10	0,4	10	0,0	10	0,1	10	0,0	10	0,0	10	0,0	10	0,0	10	0,0	10	0,0	10	0,0	10	0,0	10	NaN	10	2,1	
11	4,3E+2	11	7,2E+7	11	0,0	11	0,1	11	0,2	11	0,9	11	2,1	11	0,3	11	0,3	11	0,1	11	0,1	11	0,0	11	0,1	11	0,0	11	0,0	11	0,0	11	0,0	11	0,2	11	0,1	11	0,0	11	0,0	11	0,0	11	0,0	11	0,0	11	0,0	11	0,0	11	0,0	11	0,0	11	NaN	11	2,4	
12	4,4E+2	12	7,1E+7	12	0,0	12	0,1	12	0,2	12	1,0	12	1,9	12	0,3	12	0,3	12	0,2	12	0,1	12	0,0	12	0,0	12	0,0	12	0,0	12	0,0	12	0,0	12	0,4	12	0,1	12	0,0	12	0,0	12	0,0	12	0,0	12	0,0	12	0,0	12	0,0	12	0,0	12	0,0	12	NaN	12	2,2	
13	4,2E+2	13	7,1E+7	13	0,0	13	0,1	13	0,2	13	0,9	13	2,4	13	0,3	13	0,2	13	0,2	13	0,0	13	0,0	13	0,1	13	0,0	13	0,0	13	0,0	13	0,0	13	0,3	13	0,1	13	0,0	13	0,0	13	0,0	13	0,0	13	0,0	13	0,0	13	0,0	13	0,0	13	0,0	13	NaN	13	2,2	
14	4,2E+2	14	7,2E+7	14	0,0	14	0,1	14	0,2	14	0,9	14	2,5	14	0,3	14	0,3	14	0,1	14	0,1	14	0,0	14	0,1	14	0,0	14	0,0	14	0,0	14	0,0	14	0,4	14	0,1	14	0,0	14	0,0	14	0,0	14	0,0	14	0,0	14	0,0	14	0,0	14	0,0	14	0,0	14	NaN	14	1,9	
15	4,2E+2	15	7,0E+7	15	0,0	15	0,1	15	0,2	15	1,0	15	1,8	15	0,4	15	0,3	15	0,1	15	0,1	15	0,0	15	0,0	15	0,0	15	0,0	15	0,0	15	0,0	15	0,3	15	0,0	15	0,0	15	0,0	15	0,0	15	0,0	15	0,0	15	0,0	15	0,0	15	0,0	15	0,0	15	Inf	15	2,2	
16	4,3E+2	16	7,2E+7	16	0,0	16	0,1	16	0,2	16	0,9	16	2,0	16	0,3	16	0,4	16	0,2	16	0,1	16	0,0	16	0,0	16	0,0	16	0,0	16	0,0	16	0,0	16	0,3	16	0,1	16	0,0	16	0,0	16	0,0	16	0,0	16	0,0	16	0,0	16	0,0	16	0,0	16	0,0	16	NaN	16	2,2	
17	4,2E+2	17	7,3E+7	17	0,0	17	0,1	17	0,2	17	0,9	17	1,9	17	0,2	17	0,3	17	0,1	17	0,1	17	0,0	17	0,1	17	0,0	17	0,0	17	0,0	17	0,0	17	0,3	17	0,0	17	0,0	17	0,0	17	0,0	17	0,0	17	0,0	17	0,0	17	0,0	17	0,0	17	0,0	17	NaN	17	1,9	
18	4,2E+2	18	7,2E+7	18	0,0	18	0,1	18	0,2	18	0,9	18	2,3	18	0,1	18	0,3	18	0,2	18	0,1	18	0,1	18	0,0	18	0,0	18	0,0	18	0,0	18	0,0	18	0,3	18	0,0	18	0,0	18	0,0	18	0,0	18	0,0	18	0,0	18	0,0	18	0,0	18	0,0	18	0,0	18	NaN	18	1,7	
19	4,2E+2	19	7,2E+7	19	0,0	19	0,1	19	0,2	19	0,9	19	1,9	19	0,3	19	0,3	19	0,1	19	0,2	19	0,0	19	0,1	19	0,0	19	0,0	19	0,0	19	0,0	19	0,3	19	0,1	19	0,0	19	0,0	19	0,0	19	0,0	19	0,0	19	0,0	19	0,0	19	0,0	19	0,0	19	NaN	19	2,3	
20	4,3E+2	20	7,3E+7	20	0,0	20	0,1	20	0,2	20	0,9	20	2,3	20	0,2	20	0,2	20	0,2	20	0,1	20	0,0	20	0,1	20	0,0	20	0,0	20	0,0	20	0,0	20	0,2	20	0,1	20	0,0	20	0,0	20	0,0	20	0,0	20	0,0	20	0,0	20	0,0	20	0,0	20	0,0	20	NaN	20	1,6	
21	4,3E+2	21	7,2E+7	21	0,0	21	0,1	21	0,2	21	0,9	21	2,0	21	0,3	21	0,2	21	0,1	21	0,1	21	0,0	21	0,1	21	0,0	21	0,0	21	0,0	21	0,0	21	0,4	21	0,0	21	0,0	21	0,0	21	0,0	21	0,0	21	0,0	21	0,0	21	0,0	21	0,0	21	0,0	21	NaN	21	2,1	
22	4,2E+2	22	7,2E+7	22	0,0	22	0,1	22	0,2	22	0,9	22	2,3	22	0,2	22	0,5	22	0,2	22	0,1	22	0,0	22	0,1	22	0,0	22	0,0	22	0,0	22	0,0	22	0,3	22	0,1	22	0,1	22	0,0	22	0,0	22	0,0	22	0,0	22	0,0	22	0,0	22	0,0	22	0,0	22	NaN	22	1,9	
23	4,4E+2	23	7,2E+7	23	0,0	23	0,1	23	0,2	23	0,9	23	2,2	23	0,2	23	0,4	23	0,1	23	0,1	23	0,1	23	0,1	23	0,0	23	0,0	23	0,0	23	0,0	23	0,4	23	0,0	23	0,0	23	0,0	23	0,0	23	0,0	23	0,0	23	0,0	23	0,0	23	0,0	23	0,0	23	Inf	23	2,0	
24	4,3E+2	24	7,3E+7	24	0,0	24	0,1	24	0,2	24	0,9	24	1,9	24	0,2	24	0,2	24	0,2	24	0,1	24	0,0	24	0,1	24	0,0	24	0,0	24	0,0	24	0,0	24	0,4	24	0,1	24	0,0	24	0,0	24	0,0	24	0,0	24	0,0	24	0,0	24	0,0	24	0,0	24	0,0	24	NaN	24	1,5	
25	4,2E+2	25	7,3E+7	25	0,0	25	0,1	25	0,2	25	0,9	25	2,1	25	0,3	25	0,2	25	0,1	25	0,1	25	0,1	25	0,1	25	0,0	25	0,0	25	0,0	25	0,0	25	0,2	25	0,0	25	0,0	25	0,0	25	0,0	25	0,0	25	0,0	25	0,0	25	0,0	25	0,0	25	0,0	25	NaN	25	1,9	
26	4,4E+2	26	7,2E+7	26	0,0	26	0,1	26	0,2	26	0,9	26	2,2	26	0,3	26	0,3	26	0,2	26	0,1	26	0,0	26	0,1	26	0,0	26	0,0	26	0,0	26	0,0	26	0,3	26	0,1	26	0,1	26	0,0	26	0,0	26	0,0	26	0,0	26	0,0	26	0,0	26	0,0	26	0,0	26	NaN	26	1,8	
27	4,3E+2	27	7,1E+7	27	0,0	27	0,1	27	0,2	27	0,9	27	2,0	27	0,2	27	0,2	27	0,2	27	0,1	27	0,0	27	0,0	27	0,0	27	0,0	27	0,0	27	0,0	27	0,4	27	0,1	27	0,1	27	0,0	27	0,0	27	0,0	27	0,0	27	0,0	27	0,0	27	0,0	27	0,0	27	NaN	27	2,1	
28	4,4E+2	28	7,2E+7	28	0,0	28	0,1	28	0,2	28	0,9	28	1,8	28	0,4	28	0,4	28	0,1	28	0,1	28	0,0	28	0,0	28	0,0	28	0,0	28	0,0	28	0,0	28	0,3	28	0,0	28	0,0	28	0,0	28	0,0	28	0,0	28	0,0	28	0,0	28	0,0	28	0,0	28	0,0	28	NaN	28	2,2	
29	4,4E+2	29	7,1E+7	29	0,0	29	0,1	29	0,2	29	0,9	29	3,2	29	0,3	29	0,3	29	0,4	29	0,2	29	0,0	29	0,1	29	0,0	29	0,0	29	0,0	29	0,0	29	0,6	29	0,1	29	5,7	29	0,0	29	0,0	29	0,0	29	0,0	29	0,0	29	0,0	29	0,0	29	0,0	29	NaN	29	5,1	
30	4,3E+2	30	7,3E+7	30	0,0	30	0,1	30	0,2	30	1,0	30	2,8	30	2,6	30	41,1	30	0,3	30	0,2	30	0,0	30	0,1	30	0,4	30	0,0	30	0,0	30	0,0	30	0,6	30	0,0	30	3,0	30	0,0	30	0,0	30	0,0	30	0,0	30	0,0	30	0,0	30	0,0	30	0,0	30	NaN	30	2,0	
31	4,2E+2	31	7,3E+7	31	0,0	31	0,1	31	0,2	31	0,9	31	2,3	31	1,3	31	25,4	31	0,4	31	0,1	31	0,0	31	0,0	31	0,8	31	0,0	31	0,0	31	0,0	31	0,3	31	0,0	31	2,4	31	0,1	31	0,0	31	0,0	31	0,0	31	0,0	31	0,0	31	0,0	31	0,0	31	NaN	31	2,4	
32	4,2E+2	32	7,4E+7	32	0,0	32	0,1	32	0,2	32	0,9	32	2,1	32	1,4	32	25,0	32	0,2	32	0,2	32	0,1	32	0,1	32	1,2	32	0,0	32	0,0	32	0,0	32	0,5	32	0,0	32	2,3	32	0,0	32	0,0	32	0,0	32	0,0	32	0,0	32	0,0	32	0,0	32	0,0	32	NaN	32	1,8	
33	4,4E+2	33	7,1E+7	33	0,0	33	0,1	33	0,2	33	0,9	33	2,0	33	1,6	33	24,6	33	0,4	33	0,1	33	0,0	33	0,1	33	1,3	33	0,0	33	0,0	33	0,0	33	0,4	33	0,1	33	2,3	33	0,0	33	0,1	33	0,0	33	0,0	33	0,0	33	0,0	33	0,0	33	0,0	33	NaN	33	1,9	
34	4,2E+2	34	7,4E+7	34	0,0	34	0,1	34	0,2	34	0,9	34	2,2	34	1,7	34	23,7	34	0,2	34	0,1	34	0,1	34	0,1	34	1,5	34	0,0	34	0,0	34	0,0	34	0,5	34	0,1	34	2,0	34	0,0	34	0,0	34	0,1	34	0,0	34	0,0	34	0,0	34	0,0	34	0,0	34	NaN	34	2,0	
35	4,2E+2	35	7,4E+7	35	0,0	35	0,1	35	0,2	35	0,9	35	2,3	35	1,5	35	22,2	35	0,3	35	0,2	35	0,1	35	0,1	35	1,8	35	0,0	35	0,0	35	0,0	35	0,4	35	0,1	35	1,8	35	0,1	35	0,0	35	0,0	35	0,0	35	0,0	35	0,0	35	0,0	35	0,0	35	NaN	35	1,9	
36	4,3E+2	36	7,3E+7	36	0,0	36	0,1	36	0,2	36	0,9	36	2,0	36	1,5	36	23,4	36	0,1	36	0,2	36	0,0	36	0,1	36	1,8	36	0,0	36	0,0	36	0,0	36	0,3	36	0,1	36	2,0	36	0,0	36	0,0	36	0,0	36	0,0	36	0,0	36	0,0	36	0,0	36	0,0	36	NaN	36	1,8	
37	4,2E+2	37	7,3E+7	37	0,0	37	0,1	37	0,2	37	0,9	37	2,1	37	1,4	37	21,0	37	0,3	37	0,1	37	0,1	37	0,2	37	1,7	37	0,0	37	0,0	37	0,0	37	0,6	37	0,1	37	1,8	37	0,1	37	0,0	37	0,1	37	0,0	37	0,0	37	0,0	37	0,0	37	0,0	37	NaN	37	2,2	
38	4,2E+2	38	7,6E+7	38	0,0	38	0,1	38	0,2	38	0,8	38	2,2	38	1,3	38	19,6	38	0,2	38	0,1	38	0,1	38	0,1	38	1,5	38	0,0	38	0,0	38	0,0	38	0,5	38	0,1	38	1,6	38	0,0	38	0,0	38	0,0	38	0,0	38	0,0	38	0,0	38	0,0	38	0,0	38	NaN	38	2,0	
39	4,2E+2	39	7,4E+7	39	0,0	39	0,1	39	0,2	39	0,9	39	1,7	39	1,4	39	20,3	39	0,2	39	0,2	39	0,0	39	0,1	39	1,7	39	0,0	39	0,0	39	0,0	39	0,5	39	0,0	39	1,7	39	0,0	39	0,0	39	0,0	39	0,0	39	0,0	39	0,0	39	0,0	39	0,0	39	NaN	39	1,9	
40	4,4E+2	40	7,1E+7	40	0,0	40	0,1	40	0,2	40	0,9	40	2,0	40	1,2	40	20,0	40	0,3	40	0,2	40	0,0	40	0,1	40	1,7	40	0,0	40	0,0	40	0,0	40	0,4	40	0,1	40	1,7	40	0,1	40	0,0	40	0,0	40	0,0	40	0,0	40	0,0	40	0,0	40	0,0	40	NaN	40	2,2	
41	4,3E+2	41	7,2E+7	41	0,0	41	0,1	41	0,2	41	0,9	41	2,1	41	1,4	41	19,7	41	0,3	41	0,2	41	0,1	41	0,1	41	1,7	41	0,0	41	0,0	41	0,0	41	0,6	41	0,1	41	1,7	41	0,1	41	0,0	41	0,1	41	0,0	41	0,0	41	0,0	41	0,0	41	0,0	41	NaN	41	2,3	
42	4,2E+2	42	7,3E+7	42	0,0	42	0,1	42	0,2	42	0,9	42	1,8	42	1,8	42	17,6	42	0,2	42	0,1	42	0,1	42	0,1	42	1,9	42	0,0	42	0,0	42	0,0	42	0,4	42	0,1	42	1,5	42	0,1	42	0,0	42	0,0	42	0,0	42	0,0	42	0,0	42	0,0	42	0,0	42	NaN	42	2,0	
43	4,3E+2	43	7,2E+7	43	0,0	43	0,1	43	0,2	43	0,9	43	2,1	43	1,4	43	17,7	43	0,1	43	0,2	43	0,0	43	0,1	43	2,0	43	0,0	43	0,0	43	0,0	43	0,4	43	0,1	43	1,6	43	0,1	43	0,0	43	0,0	43	0,0	43	0,0	43	0,0	43	0,0	43	0,0	43	NaN	43	2,1	
44	4,3E+2	44	7,3E+7	44	0,0	44	0,1	44	0,2	44	0,9	44	2,1	44	1,3	44	17,3	44	0,2	44	0,1	44	0,1	44	0,1	44	1,7	44	0,0	44	0,0	44	0,0	44	0,5	44	0,0	44	1,6	44	0,0	44	0,0	44	0,0	44	0,0	44	0,0	44	0,0	44	0,0	44	0,0	44	NaN	44	2,1	
45	4,4E+2	45	7,3E+7	45	0,0	45	0,1	45	0,2	45	0,9	45	2,2	45	1,4	45	18,1	45	0,3	45	0,1	45	0,0	45	0,1	45	1,7	45	0,0	45	0,0	45	0,0	45	0,4	45	0,0	45	1,3	45	0,0	45	0,0	45	0,0	45	0,0	45	0,0	45	0,0	45	0,0	45	0,0	45	NaN	45	2,0	
46	4,2E+2	46	7,5E+7	46	0,0	46	0,1	46	0,2	46	0,8	46	2,3	46	1,4	46	16,0	46	0,2	46	0,1	46	0,0	46	0,1	46	1,7	46	0,0	46	0,0	46	0,0	46	0,5	46	0,0	46	1,5	46	0,0	46	0,0	46	0,0	46	0,0	46	0,0	46	0,0	46	0,0	46	0,0	46	NaN	46	1,9	
47	4,1E+2	47	7,4E+7	47	0,0	47	0,1	47	0,2	47	0,8	47	2,0	47	1,3	47	17,2	47	0,3	47	0,1	47	0,1	47	0,1	47	1,7	47	0,0	47	0,0	47	0,0	47	0,5	47	0,1	47	1,7	47	0,0	47	0,1	47	0,0	47	0,0	47	0,0	47	0,0	47	0,0	47	0,0	47	NaN	47	2,2	
48	4,1E+2	48	7,6E+7	48	0,0	48	0,1	48	0,2	48	0,8	48	2,0	48	1,5	48	16,0	48	0,2	48	0,1	48	0,0	48	0,1	48	1,9	48	0,0	48	0,0	48	0,0	48	0,5	48	0,0	48	1,3	48	0,0	48	0,0	48	0,1	48	0,0	48	0,0	48	0,0	48	0,0	48	0,0	48	NaN	48	2,2	
49	4,3E+2	49	7,2E+7	49	0,0	49	0,1	49	0,2	49	0,9	49	2,1	49	1,2	49	16,9	49	0,2	49	0,3	49	0,0	49	0,1	49	2,0	49	0,0	49	0,0	49	0,0	49	0,4	49	0,1	49	1,5	49	0,1	49	0,1	49	0,0	49	0,0	49	0,0	49	0,0	49	0,0	49	0,0	49	Inf	49	2,0	
50	4,3E+2	50	7,3E+7	50	0,0	50	0,1	50	0,2	50	0,9	50	2,0	50	1,5	50	16,7	50	0,3	50	0,1	50	0,0	50	0,1	50	1,6	50	0,0	50	0,0	50	0,0	50	0,4	50	0,1	50	1,4	50	0,0	50	0,0	50	0,0	50	0,0	50	0,0	50	0,0	50	0,0	50	0,0	50	NaN	50	2,0	
51	4,1E+2	51	7,4E+7	51	0,0	51	0,1	51	0,2	51	0,9	51	2,0	51	1,1	51	15,9	51	0,3	51	0,2	51	0,1	51	0,1	51	1,7	51	0,0	51	0,0	51	0,0	51	0,5	51	0,1	51	1,3	51	0,0	51	0,0	51	0,0	51	0,0	51	0,0	51	0,0	51	0,0	51	0,0	51	NaN	51	1,9	
52	4,2E+2	52	7,3E+7	52	0,0	52	0,1	52	0,2	52	0,9	52	2,1	52	2,8	52	25,2	52	0,3	52	0,1	52	0,1	52	0,1	52	2,0	52	0,0	52	0,0	52	0,0	52	0,5	52	0,1	52	3,2	52	0,0	52	0,0	52	0,0	52	0,0	52	0,0	52	0,0	52	0,0	52	0,0	52	NaN	52	2,1	
53	4,3E+2	53	7,3E+7	53	0,0	53	0,1	53	0,2	53	2,0	53	19,5	53	24,5	53	1,5E+2	53	1,1	53	0,4	53	0,1	53	0,2	53	2,2	53	0,0	53	0,0	53	0,0	53	0,7	53	0,1	53	12,7	53	0,1	53	0,1	53	0,0	53	0,0	53	0,0	53	0,0	53	0,0	53	0,0	53	NaN	53	3,1	
54	4,2E+2	54	7,6E+7	54	0,0	54	0,1	54	0,2	54	1,0	54	2,5	54	9,0	54	1,0E+2	54	0,8	54	0,3	54	0,1	54	0,2	54	3,4	54	0,0	54	0,0	54	0,0	54	0,7	54	0,1	54	8,8	54	0,1	54	0,0	54	0,0	54	0,0	54	0,0	54	0,0	54	0,0	54	0,0	54	NaN	54	2,3	
55	4,1E+2	55	7,6E+7	55	0,0	55	0,1	55	0,2	55	1,0	55	2,5	55	7,9	55	98,2	55	0,8	55	0,4	55	0,1	55	0,2	55	5,4	55	0,0	55	0,0	55	0,0	55	0,6	55	0,1	55	8,3	55	0,1	55	0,0	55	0,0	55	0,0	55	0,0	55	0,0	55	0,0	55	0,0	55	NaN	55	2,4	
56	4,2E+2	56	7,4E+7	56	0,0	56	0,1	56	0,2	56	1,0	56	2,0	56	7,4	56	91,6	56	0,8	56	0,3	56	0,1	56	0,2	56	6,3	56	0,0	56	0,0	56	0,0	56	0,8	56	0,0	56	8,1	56	0,0	56	0,1	56	0,1	56	0,0	56	0,0	56	0,0	56	0,0	56	0,0	56	NaN	56	2,2	
57	4,3E+2	57	7,2E+7	57	0,0	57	0,1	57	0,2	57	1,0	57	2,3	57	7,7	57	91,6	57	0,8	57	0,2	57	0,1	57	0,3	57	7,7	57	0,0	57	0,0	57	0,0	57	0,8	57	0,0	57	8,4	57	0,0	57	0,0	57	0,0	57	0,0	57	0,0	57	0,0	57	0,0	57	0,0	57	NaN	57	2,5	
58	4,2E+2	58	7,4E+7	58	0,0	58	0,1	58	0,2	58	1,0	58	2,2	58	7,5	58	84,5	58	0,8	58	0,3	58	0,1	58	0,3	58	7,6	58	0,0	58	0,0	58	0,0	58	0,6	58	0,1	58	7,6	58	0,1	58	0,1	58	0,1	58	0,0	58	0,0	58	0,0	58	0,0	58	0,0	58	NaN	58	2,1	
59	4,3E+2	59	7,4E+7	59	0,0	59	0,1	59	0,2	59	0,9	59	1,8	59	7,0	59	82,4	59	0,9	59	0,3	59	0,1	59	0,3	59	7,8	59	0,0	59	0,0	59	0,0	59	0,6	59	0,1	59	6,8	59	0,2	59	0,0	59	0,1	59	0,0	59	0,0	59	0,0	59	0,0	59	0,0	59	NaN	59	2,0	
60	4,2E+2	60	7,5E+7	60	0,0	60	0,1	60	0,2	60	0,9	60	2,2	60	8,0	60	76,9	60	0,8	60	0,2	60	0,1	60	0,2	60	7,9	60	0,0	60	0,0	60	0,0	60	0,6	60	0,1	60	6,6	60	0,1	60	0,0	60	0,1	60	0,0	60	0,0	60	0,0	60	0,0	60	0,0	60	Inf	60	2,1	
61	4,2E+2	61	7,3E+7	61	0,0	61	0,1	61	0,2	61	0,9	61	2,3	61	7,4	61	74,5	61	0,7	61	0,3	61	0,1	61	0,2	61	7,9	61	0,0	61	0,0	61	0,0	61	0,8	61	0,0	61	6,4	61	0,1	61	0,0	61	0,1	61	0,0	61	0,0	61	0,0	61	0,0	61	0,0	61	NaN	61	2,0	
62	4,1E+2	62	7,5E+7	62	0,0	62	0,1	62	0,2	62	0,9	62	2,0	62	6,9	62	71,2	62	0,7	62	0,2	62	0,1	62	0,2	62	7,7	62	0,0	62	0,0	62	0,0	62	0,7	62	0,1	62	6,1	62	0,1	62	0,0	62	0,1	62	0,0	62	0,0	62	0,0	62	0,0	62	0,0	62	NaN	62	2,3	
63	4,2E+2	63	7,3E+7	63	0,0	63	0,1	63	0,2	63	1,0	63	2,0	63	7,7	63	69,4	63	0,6	63	0,3	63	0,1	63	0,2	63	8,5	63	0,0	63	0,0	63	0,0	63	0,7	63	0,1	63	6,0	63	0,1	63	0,0	63	0,0	63	0,0	63	0,0	63	0,0	63	0,0	63	0,0	63	NaN	63	2,1	
64	4,1E+2	64	7,5E+7	64	0,0	64	0,1	64	0,2	64	0,9	64	2,7	64	6,9	64	66,4	64	0,6	64	0,2	64	0,1	64	0,2	64	7,6	64	0,0	64	0,0	64	0,0	64	0,7	64	0,1	64	5,5	64	0,1	64	0,1	64	0,1	64	0,0	64	0,0	64	0,0	64	0,0	64	0,0	64	NaN	64	1,9	
65	4,1E+2	65	7,6E+7	65	0,0	65	0,1	65	0,2	65	0,9	65	2,0	65	6,9	65	61,4	65	0,6	65	0,2	65	0,2	65	0,3	65	8,1	65	0,0	65	0,0	65	0,0	65	0,7	65	0,0	65	5,4	65	0,1	65	0,0	65	0,0	65	0,0	65	0,0	65	0,0	65	0,0	65	0,0	65	NaN	65	1,9	
66	4,3E+2	66	7,4E+7	66	0,0	66	0,1	66	0,2	66	0,9	66	2,1	66	7,2	66	61,5	66	0,5	66	0,2	66	0,1	66	0,2	66	7,7	66	0,0	66	0,0	66	0,0	66	0,4	66	0,1	66	5,5	66	0,2	66	0,0	66	0,1	66	0,0	66	0,0	66	0,0	66	0,0	66	0,0	66	NaN	66	2,2	
67	4,3E+2	67	7,3E+7	67	0,0	67	0,1	67	0,2	67	0,9	67	2,0	67	7,7	67	59,4	67	0,6	67	0,2	67	0,1	67	0,1	67	8,3	67	0,0	67	0,0	67	0,0	67	0,6	67	0,1	67	5,3	67	0,1	67	0,0	67	0,1	67	0,0	67	0,0	67	0,0	67	0,0	67	0,0	67	Inf	67	2,2	
68	4,0E+2	68	7,7E+7	68	0,0	68	0,1	68	0,2	68	0,9	68	2,1	68	6,7	68	55,3	68	0,6	68	0,2	68	0,1	68	0,2	68	8,2	68	0,0	68	0,0	68	0,0	68	0,4	68	0,1	68	4,9	68	0,1	68	0,0	68	0,0	68	0,0	68	0,0	68	0,0	68	0,0	68	0,0	68	NaN	68	1,9	
69	4,3E+2	69	7,4E+7	69	0,0	69	0,1	69	0,2	69	0,9	69	2,4	69	7,3	69	55,3	69	0,7	69	0,2	69	0,1	69	0,2	69	8,8	69	0,0	69	0,0	69	0,0	69	0,5	69	0,1	69	4,5	69	0,1	69	0,0	69	0,1	69	0,0	69	0,0	69	0,0	69	0,0	69	0,0	69	NaN	69	2,0	
70	4,2E+2	70	7,5E+7	70	0,0	70	0,1	70	0,2	70	0,9	70	1,8	70	7,2	70	52,6	70	0,5	70	0,2	70	0,1	70	0,2	70	8,6	70	0,0	70	0,0	70	0,0	70	0,8	70	0,1	70	4,5	70	0,1	70	0,0	70	0,1	70	0,0	70	0,0	70	0,0	70	0,0	70	0,0	70	NaN	70	2,0	
71	4,2E+2	71	7,5E+7	71	0,0	71	0,1	71	0,2	71	0,9	71	2,0	71	7,1	71	50,4	71	0,7	71	0,2	71	0,1	71	0,2	71	8,2	71	0,0	71	0,0	71	0,0	71	0,6	71	0,1	71	4,6	71	0,1	71	0,0	71	0,1	71	0,0	71	0,0	71	0,0	71	0,0	71	0,0	71	NaN	71	1,9	
72	4,2E+2	72	7,4E+7	72	0,0	72	0,1	72	0,2	72	0,9	72	2,1	72	7,7	72	48,7	72	0,6	72	0,2	72	0,1	72	0,2	72	8,9	72	0,0	72	0,0	72	0,0	72	0,7	72	0,0	72	4,5	72	0,1	72	0,0	72	0,0	72	0,0	72	0,0	72	0,0	72	0,0	72	0,0	72	NaN	72	1,8	
73	4,2E+2	73	7,4E+7	73	0,0	73	0,1	73	0,2	73	0,9	73	2,3	73	7,8	73	49,0	73	0,6	73	0,1	73	0,1	73	0,3	73	8,4	73	0,0	73	0,0	73	0,0	73	0,8	73	0,0	73	4,5	73	0,1	73	0,0	73	0,1	73	0,0	73	0,0	73	0,0	73	0,0	73	0,0	73	NaN	73	1,8	
74	4,2E+2	74	7,3E+7	74	0,0	74	0,1	74	0,2	74	0,9	74	1,5	74	7,5	74	50,1	74	0,4	74	0,2	74	0,1	74	0,1	74	8,6	74	0,0	74	0,0	74	0,0	74	0,7	74	0,1	74	4,3	74	0,1	74	0,0	74	0,1	74	0,0	74	0,0	74	0,0	74	0,0	74	0,0	74	NaN	74	2,2	
75	4,2E+2	75	7,5E+7	75	0,0	75	0,1	75	0,2	75	0,9	75	1,7	75	6,9	75	45,5	75	0,7	75	0,2	75	0,1	75	0,3	75	8,4	75	0,0	75	0,0	75	0,0	75	0,6	75	0,1	75	3,5	75	0,1	75	0,1	75	0,1	75	0,0	75	0,0	75	0,0	75	0,0	75	0,0	75	Inf	75	12,5	
76	4,3E+2	76	7,6E+7	76	0,0	76	0,1	76	0,2	76	1,2	76	5,1	76	6,3	76	85,3	76	0,7	76	0,5	76	0,1	76	0,5	76	7,5	76	0,0	76	0,0	76	0,0	76	0,8	76	0,1	76	11,4	76	0,1	76	0,1	76	0,1	76	0,0	76	0,0	76	0,0	76	0,0	76	0,0	76	NaN	76	3,0	
77	4,2E+2	77	7,7E+7	77	0,0	77	0,1	77	0,2	77	1,0	77	2,2	77	9,0	77	1,2E+2	77	0,8	77	0,3	77	0,1	77	0,4	77	6,3	77	0,0	77	0,0	77	0,0	77	0,7	77	0,0	77	9,3	77	0,2	77	0,0	77	0,1	77	0,0	77	0,0	77	0,0	77	0,0	77	0,0	77	NaN	77	2,3	
78	4,1E+2	78	7,8E+7	78	0,0	78	0,1	78	0,2	78	1,0	78	1,9	78	8,0	78	1,1E+2	78	0,9	78	0,3	78	0,1	78	0,4	78	6,3	78	0,0	78	0,0	78	0,0	78	0,8	78	0,0	78	9,2	78	0,1	78	0,0	78	0,1	78	0,0	78	0,0	78	0,0	78	0,0	78	0,0	78	NaN	78	2,1	
79	4,3E+2	79	7,4E+7	79	0,0	79	0,1	79	0,2	79	1,0	79	2,1	79	7,6	79	1,0E+2	79	1,0	79	0,3	79	0,1	79	0,5	79	6,0	79	0,0	79	0,0	79	0,0	79	0,7	79	0,0	79	9,0	79	0,1	79	0,1	79	0,1	79	0,0	79	0,0	79	0,0	79	0,0	79	0,0	79	NaN	79	2,6	
80	4,0E+2	80	7,7E+7	80	0,0	80	0,1	80	0,2	80	1,0	80	2,0	80	7,1	80	97,5	80	0,8	80	0,3	80	0,2	80	0,5	80	6,6	80	0,0	80	0,0	80	0,0	80	0,9	80	0,0	80	9,3	80	0,1	80	0,0	80	0,1	80	0,0	80	0,0	80	0,0	80	0,0	80	0,0	80	NaN	80	2,0	
81	4,3E+2	81	7,4E+7	81	0,0	81	0,1	81	0,2	81	1,0	81	2,5	81	7,3	81	97,1	81	0,9	81	0,2	81	0,1	81	0,4	81	6,5	81	0,0	81	0,0	81	0,0	81	0,9	81	0,1	81	8,5	81	0,2	81	0,0	81	0,1	81	0,0	81	0,0	81	0,0	81	0,0	81	0,0	81	NaN	81	2,3	
82	4,2E+2	82	7,7E+7	82	0,0	82	0,1	82	0,2	82	1,0	82	2,1	82	6,5	82	89,4	82	1,0	82	0,3	82	0,1	82	0,5	82	6,4	82	0,0	82	0,0	82	0,0	82	0,8	82	0,0	82	7,6	82	0,1	82	0,1	82	0,1	82	0,0	82	0,0	82	0,0	82	0,0	82	0,0	82	NaN	82	2,2	
83	4,4E+2	83	7,4E+7	83	0,0	83	0,1	83	0,2	83	1,0	83	1,9	83	7,2	83	88,7	83	0,7	83	0,3	83	0,1	83	0,4	83	6,8	83	0,0	83	0,0	83	0,0	83	0,8	83	0,1	83	7,9	83	0,1	83	0,0	83	0,1	83	0,0	83	0,0	83	0,0	83	0,0	83	0,0	83	NaN	83	2,3	
84	4,3E+2	84	7,3E+7	84	0,0	84	0,1	84	0,2	84	1,0	84	2,5	84	7,0	84	86,4	84	0,8	84	0,2	84	0,1	84	0,4	84	6,6	84	0,0	84	0,0	84	0,0	84	0,8	84	0,1	84	7,2	84	0,1	84	0,1	84	0,1	84	0,0	84	0,0	84	0,0	84	0,0	84	0,0	84	Inf	84	2,1	
85	4,0E+2	85	7,7E+7	85	0,0	85	0,1	85	0,2	85	0,9	85	2,1	85	6,7	85	78,7	85	0,9	85	0,2	85	0,1	85	0,3	85	6,3	85	0,0	85	0,0	85	0,0	85	0,7	85	0,1	85	6,4	85	0,2	85	0,0	85	0,1	85	0,0	85	0,0	85	0,0	85	0,0	85	0,0	85	NaN	85	2,0	
86	4,2E+2	86	7,6E+7	86	0,0	86	0,1	86	0,2	86	0,9	86	2,0	86	6,7	86	76,5	86	0,7	86	0,3	86	0,1	86	0,4	86	6,1	86	0,0	86	0,0	86	0,0	86	0,7	86	0,0	86	6,9	86	0,1	86	0,0	86	0,1	86	0,0	86	0,0	86	0,0	86	0,0	86	0,0	86	NaN	86	2,2	
87	4,2E+2	87	7,4E+7	87	0,0	87	0,1	87	0,2	87	1,0	87	2,4	87	6,0	87	74,6	87	0,6	87	0,3	87	0,1	87	0,3	87	6,5	87	0,0	87	0,0	87	0,0	87	0,7	87	0,0	87	6,9	87	0,1	87	0,0	87	0,1	87	0,0	87	0,0	87	0,0	87	0,0	87	0,0	87	NaN	87	2,1	
88	4,1E+2	88	7,5E+7	88	0,0	88	0,1	88	0,2	88	1,0	88	2,1	88	5,9	88	72,7	88	0,8	88	0,3	88	0,2	88	0,4	88	6,3	88	0,0	88	0,0	88	0,0	88	0,8	88	0,1	88	6,2	88	0,1	88	0,1	88	0,0	88	0,0	88	0,0	88	0,0	88	0,0	88	0,0	88	Inf	88	2,3	
89	4,2E+2	89	7,6E+7	89	0,0	89	0,1	89	0,2	89	0,9	89	1,7	89	6,7	89	67,7	89	0,8	89	0,3	89	0,2	89	0,3	89	5,9	89	0,0	89	0,0	89	0,0	89	0,6	89	0,1	89	5,9	89	0,1	89	0,0	89	0,0	89	0,0	89	0,0	89	0,0	89	0,0	89	0,0	89	NaN	89	1,8	
90	4,2E+2	90	7,5E+7	90	0,0	90	0,1	90	0,2	90	1,0	90	2,1	90	6,5	90	67,4	90	0,9	90	0,2	90	0,1	90	0,3	90	6,8	90	0,0	90	0,0	90	0,0	90	0,7	90	0,0	90	6,1	90	0,1	90	0,0	90	0,1	90	0,0	90	0,0	90	0,0	90	0,0	90	0,0	90	NaN	90	2,1	
91	4,2E+2	91	7,6E+7	91	0,0	91	0,1	91	0,2	91	0,9	91	2,1	91	6,6	91	65,6	91	0,7	91	0,2	91	0,1	91	0,3	91	6,2	91	0,0	91	0,0	91	0,0	91	0,9	91	0,1	91	5,9	91	0,1	91	0,0	91	0,1	91	0,0	91	0,0	91	0,0	91	0,0	91	0,0	91	Inf	91	2,2	
92	4,3E+2	92	7,5E+7	92	0,0	92	0,1	92	0,2	92	1,0	92	2,2	92	6,7	92	62,7	92	0,8	92	0,3	92	0,1	92	0,2	92	6,5	92	0,0	92	0,0	92	0,0	92	0,7	92	0,0	92	4,9	92	0,1	92	0,0	92	0,1	92	0,0	92	0,0	92	0,0	92	0,0	92	0,0	92	NaN	92	1,9	
93	4,1E+2	93	7,6E+7	93	0,0	93	0,1	93	0,2	93	0,9	93	2,5	93	6,3	93	60,9	93	0,8	93	0,2	93	0,1	93	0,4	93	6,3	93	0,0	93	0,0	93	0,0	93	0,7	93	0,0	93	5,3	93	0,1	93	0,1	93	0,1	93	0,0	93	0,0	93	0,0	93	0,0	93	0,0	93	NaN	93	2,0	
94	4,2E+2	94	7,6E+7	94	0,0	94	0,1	94	0,2	94	0,9	94	1,8	94	6,2	94	58,7	94	0,7	94	0,2	94	0,1	94	0,2	94	6,3	94	0,0	94	0,0	94	0,0	94	0,7	94	0,1	94	5,5	94	0,1	94	0,0	94	0,1	94	0,0	94	0,0	94	0,0	94	0,0	94	0,0	94	NaN	94	1,8	
95	4,3E+2	95	7,3E+7	95	0,0	95	0,1	95	0,2	95	1,0	95	1,7	95	7,2	95	58,5	95	0,7	95	0,2	95	0,1	95	0,3	95	6,7	95	0,0	95	0,0	95	0,0	95	0,8	95	0,0	95	5,1	95	0,1	95	0,1	95	0,1	95	0,0	95	0,0	95	0,0	95	0,0	95	0,0	95	NaN	95	2,1	
96	4,1E+2	96	7,6E+7	96	0,0	96	0,1	96	0,2	96	0,9	96	2,4	96	6,1	96	56,7	96	0,8	96	0,1	96	0,1	96	0,2	96	6,5	96	0,0	96	0,0	96	0,0	96	0,6	96	0,0	96	5,4	96	0,1	96	0,0	96	0,1	96	0,0	96	0,0	96	0,0	96	0,0	96	0,0	96	NaN	96	1,6	
97	4,1E+2	97	7,5E+7	97	0,0	97	0,1	97	0,2	97	0,9	97	2,0	97	4,2	97	39,5	97	0,6	97	0,2	97	0,2	97	0,1	97	6,0	97	0,0	97	0,0	97	0,0	97	0,4	97	0,0	97	0,4	97	0,1	97	0,0	97	0,1	97	0,0	97	0,0	97	0,0	97	0,0	97	0,0	97	NaN	97	4,6	
98	4,3E+2	98	7,5E+7	98	0,0	98	0,1	98	0,2	98	0,8	98	3,0	98	0,6	98	4,4	98	0,3	98	0,2	98	0,1	98	0,1	98	4,6	98	0,0	98	0,0	98	0,0	98	0,5	98	0,1	98	0,4	98	0,1	98	0,0	98	0,0	98	0,0	98	0,0	98	0,0	98	0,0	98	0,0	98	NaN	98	1,9	
99	4,2E+2	99	7,4E+7	99	0,0	99	0,1	99	0,2	99	0,8	99	1,8	99	0,5	99	3,4	99	0,2	99	0,1	99	0,0	99	0,1	99	2,7	99	0,0	99	0,0	99	0,0	99	0,3	99	0,1	99	0,3	99	0,0	99	0,0	99	0,1	99	0,0	99	0,0	99	0,0	99	0,0	99	0,0	99	NaN	99	1,6	
100	4,2E+2	100	7,5E+7	100	0,0	100	0,1	100	0,2	100	0,8	100	1,9	100	0,5	100	3,2	100	0,2	100	0,2	100	0,0	100	0,1	100	2,0	100	0,0	100	0,0	100	0,0	100	0,5	100	0,0	100	0,3	100	0,1	100	0,0	100	0,1	100	0,0	100	0,0	100	0,0	100	0,0	100	0,0	100	NaN	100	1,9	
101	4,0E+2	101	7,5E+7	101	0,0	101	0,1	101	0,2	101	0,8	101	2,1	101	0,4	101	2,2	101	0,2	101	0,1	101	0,1	101	0,1	101	1,7	101	0,0	101	0,0	101	0,0	101	0,4	101	0,1	101	0,2	101	0,0	101	0,0	101	0,1	101	0,0	101	0,0	101	0,0	101	0,0	101	0,0	101	NaN	101	2,0	
102	4,2E+2	102	7,3E+7	102	0,0	102	0,1	102	0,2	102	0,8	102	1,6	102	0,3	102	2,3	102	0,3	102	0,0	102	0,0	102	0,1	102	1,4	102	0,0	102	0,0	102	0,0	102	0,3	102	0,1	102	0,2	102	0,0	102	0,0	102	0,1	102	0,0	102	0,0	102	0,0	102	0,0	102	0,0	102	Inf	102	1,7	
103	4,2E+2	103	7,4E+7	103	0,0	103	0,1	103	0,2	103	0,8	103	1,7	103	0,3	103	1,9	103	0,2	103	0,2	103	0,0	103	0,1	103	1,1	103	0,0	103	0,0	103	0,0	103	0,4	103	0,1	103	0,1	103	0,0	103	0,0	103	0,0	103	0,0	103	0,0	103	0,0	103	0,0	103	0,0	103	NaN	103	1,9	
104	4,3E+2	104	7,3E+7	104	0,0	104	0,1	104	0,2	104	0,8	104	1,9	104	0,3	104	1,3	104	0,2	104	0,1	104	0,0	104	0,1	104	1,0	104	0,0	104	0,0	104	0,0	104	0,4	104	0,1	104	0,2	104	0,0	104	0,0	104	0,0	104	0,0	104	0,0	104	0,0	104	0,0	104	0,0	104	NaN	104	1,9	
105	4,1E+2	105	7,5E+7	105	0,0	105	0,1	105	0,2	105	0,8	105	1,8	105	0,2	105	1,5	105	0,1	105	0,1	105	0,0	105	0,0	105	0,8	105	0,0	105	0,0	105	0,0	105	0,3	105	0,1	105	0,1	105	0,0	105	0,0	105	0,0	105	0,0	105	0,0	105	0,0	105	0,0	105	0,0	105	NaN	105	2,0	
106	4,2E+2	106	7,4E+7	106	0,0	106	0,1	106	0,2	106	0,8	106	1,6	106	0,4	106	1,1	106	0,3	106	0,1	106	0,1	106	0,1	106	0,6	106	0,0	106	0,0	106	0,0	106	0,4	106	0,0	106	0,1	106	0,1	106	0,0	106	0,0	106	0,0	106	0,0	106	0,0	106	0,0	106	0,0	106	NaN	106	1,9	
