Cycle - m/z 18.00 ch0	Amplitude - m/z 18.00 ch0	Cycle - m/z 21.00 ch1	Amplitude - m/z 21.00 ch1	Cycle - m/z 25.00 ch2	Amplitude - m/z 25.00 ch2	Cycle - m/z 30.00 ch3	Amplitude - m/z 30.00 ch3	Cycle - m/z 32.00 ch4	Amplitude - m/z 32.00 ch4	Cycle - m/z 37.00 ch5	Amplitude - m/z 37.00 ch5	Cycle - m/z 59.00 ch6	Amplitude - m/z 59.00 ch6	Cycle - m/z 107.00 ch7	Amplitude - m/z 107.00 ch7	Cycle - m/z 137.00 ch8	Amplitude - m/z 137.00 ch8	Cycle - m/z 121.00 ch9	Amplitude - m/z 121.00 ch9	Cycle - m/z 123.00 ch10	Amplitude - m/z 123.00 ch10	Cycle - m/z 151.00 ch11	Amplitude - m/z 151.00 ch11	Cycle - m/z 153.00 ch12	Amplitude - m/z 153.00 ch12	Cycle - m/z 165.00 ch13	Amplitude - m/z 165.00 ch13	Cycle - m/z 213.00 ch14	Amplitude - m/z 213.00 ch14	Cycle - m/z 229.00 ch15	Amplitude - m/z 229.00 ch15	Cycle - m/z 271.00 ch16	Amplitude - m/z 271.00 ch16	Cycle - m/z 109.00 ch17	Amplitude - m/z 109.00 ch17	Cycle - m/z 131.00 ch18	Amplitude - m/z 131.00 ch18	Cycle - m/z 138.00 ch19	Amplitude - m/z 138.00 ch19	Cycle - m/z 167.00 ch20	Amplitude - m/z 167.00 ch20	Cycle - m/z 179.00 ch21	Amplitude - m/z 179.00 ch21	Cycle - m/z 181.00 ch22	Amplitude - m/z 181.00 ch22	Cycle - m/z 193.00 ch23	Amplitude - m/z 193.00 ch23	Cycle - m/z 205.00 ch24	Amplitude - m/z 205.00 ch24	Cycle - m/z 285.00 ch25	Amplitude - m/z 285.00 ch25	Cycle - m/z 295.00 ch26	Amplitude - m/z 295.00 ch26	Cycle - m/z 299.00 ch27	Amplitude - m/z 299.00 ch27	Cycle - m/z 327.00 ch28	Amplitude - m/z 327.00 ch28	Cycle - m/z 59.00 ch29	Amplitude - m/z 59.00 ch29	
0	4,7E+2	0	7,0E+7	0	0,0	0	0,1	0	0,2	0	0,9	0	2,0	0	0,2	0	0,1	0	0,1	0	0,1	0	0,0	0	0,0	0	0,0	0	0,0	0	0,0	0	0,0	0	0,4	0	0,1	0	0,0	0	0,0	0	0,0	0	0,0	0	0,0	0	0,0	0	0,0	0	0,0	0	0,0	0	NaN	0	1,9	
1	5,2E+2	1	6,9E+7	1	0,0	1	0,1	1	0,2	1	0,9	1	1,9	1	0,2	1	0,1	1	0,2	1	0,1	1	0,0	1	0,1	1	0,0	1	0,0	1	0,0	1	0,0	1	0,3	1	0,0	1	0,0	1	0,0	1	0,0	1	0,0	1	0,0	1	0,0	1	0,0	1	0,0	1	0,0	1	NaN	1	1,9	
2	5,2E+2	2	6,8E+7	2	0,0	2	0,1	2	0,2	2	0,9	2	2,2	2	0,4	2	0,1	2	0,2	2	0,1	2	0,0	2	0,1	2	0,0	2	0,0	2	0,0	2	0,0	2	0,5	2	0,1	2	0,0	2	0,1	2	0,0	2	0,0	2	0,0	2	0,0	2	0,0	2	0,0	2	0,0	2	NaN	2	1,7	
3	5,1E+2	3	7,0E+7	3	0,0	3	0,1	3	0,2	3	0,9	3	2,1	3	0,2	3	0,1	3	0,2	3	0,1	3	0,0	3	0,0	3	0,0	3	0,0	3	0,0	3	0,0	3	0,5	3	0,1	3	0,0	3	0,0	3	0,0	3	0,0	3	0,0	3	0,0	3	0,0	3	0,0	3	0,0	3	NaN	3	5,6	
4	5,2E+2	4	7,3E+7	4	0,0	4	0,1	4	0,2	4	1,2	4	3,5	4	4,6	4	42,1	4	0,5	4	0,2	4	0,0	4	0,5	4	0,1	4	0,0	4	0,0	4	0,0	4	0,6	4	0,0	4	2,1	4	0,0	4	0,0	4	0,0	4	0,0	4	0,0	4	0,0	4	0,0	4	0,0	4	NaN	4	2,2	
5	5,2E+2	5	7,0E+7	5	0,0	5	0,1	5	0,2	5	1,0	5	2,5	5	2,8	5	22,0	5	0,3	5	0,1	5	0,0	5	0,5	5	1,3	5	0,0	5	0,0	5	0,0	5	0,5	5	0,1	5	1,9	5	0,0	5	0,0	5	0,0	5	0,0	5	0,0	5	0,0	5	0,0	5	0,0	5	NaN	5	2,1	
6	5,0E+2	6	7,4E+7	6	0,0	6	0,1	6	0,2	6	1,0	6	2,0	6	2,2	6	18,8	6	0,4	6	0,1	6	0,0	6	0,4	6	2,0	6	0,0	6	0,0	6	0,0	6	0,3	6	0,1	6	1,7	6	0,0	6	0,0	6	0,0	6	0,0	6	0,0	6	0,0	6	0,0	6	0,0	6	NaN	6	2,4	
7	5,1E+2	7	7,1E+7	7	0,0	7	0,1	7	0,2	7	1,0	7	2,2	7	2,3	7	17,1	7	0,3	7	0,1	7	0,1	7	0,2	7	2,3	7	0,0	7	0,0	7	0,0	7	0,6	7	0,1	7	1,6	7	0,1	7	0,0	7	0,0	7	0,0	7	0,0	7	0,0	7	0,0	7	0,0	7	NaN	7	1,8	
8	5,1E+2	8	7,2E+7	8	0,0	8	0,1	8	0,2	8	1,0	8	1,7	8	2,0	8	16,9	8	0,3	8	0,1	8	0,1	8	0,3	8	2,6	8	0,0	8	0,0	8	0,0	8	0,4	8	0,1	8	1,3	8	0,0	8	0,0	8	0,0	8	0,0	8	0,0	8	0,0	8	0,0	8	0,0	8	NaN	8	2,1	
9	4,9E+2	9	7,3E+7	9	0,0	9	0,1	9	0,2	9	1,0	9	2,3	9	1,7	9	15,8	9	0,3	9	0,1	9	0,1	9	0,2	9	2,8	9	0,0	9	0,0	9	0,0	9	0,4	9	0,0	9	1,3	9	0,0	9	0,0	9	0,0	9	0,0	9	0,0	9	0,0	9	0,0	9	0,0	9	NaN	9	2,4	
10	5,0E+2	10	7,4E+7	10	0,0	10	0,1	10	0,2	10	0,9	10	2,0	10	2,1	10	14,4	10	0,2	10	0,1	10	0,1	10	0,2	10	2,6	10	0,0	10	0,0	10	0,0	10	0,4	10	0,1	10	1,3	10	0,1	10	0,0	10	0,0	10	0,0	10	0,0	10	0,0	10	0,0	10	0,0	10	NaN	10	1,7	
11	4,9E+2	11	7,2E+7	11	0,0	11	0,1	11	0,2	11	1,0	11	2,1	11	2,1	11	15,1	11	0,2	11	0,1	11	0,1	11	0,3	11	2,9	11	0,0	11	0,0	11	0,0	11	0,5	11	0,1	11	1,4	11	0,0	11	0,0	11	0,0	11	0,0	11	0,0	11	0,0	11	0,0	11	0,0	11	Inf	11	2,0	
12	5,2E+2	12	7,2E+7	12	0,0	12	0,1	12	0,2	12	1,0	12	2,2	12	1,7	12	14,0	12	0,1	12	0,1	12	0,1	12	0,3	12	3,2	12	0,0	12	0,0	12	0,0	12	0,6	12	0,0	12	1,2	12	0,0	12	0,0	12	0,1	12	0,0	12	0,0	12	0,0	12	0,0	12	0,0	12	NaN	12	2,2	
13	4,9E+2	13	7,3E+7	13	0,0	13	0,1	13	0,2	13	0,9	13	2,3	13	1,6	13	13,3	13	0,3	13	0,1	13	0,1	13	0,1	13	3,0	13	0,0	13	0,0	13	0,0	13	0,5	13	0,1	13	1,4	13	0,0	13	0,0	13	0,0	13	0,0	13	0,0	13	0,0	13	0,0	13	0,0	13	NaN	13	2,2	
14	4,8E+2	14	7,4E+7	14	0,0	14	0,1	14	0,2	14	0,9	14	2,3	14	1,5	14	12,6	14	0,2	14	0,1	14	0,1	14	0,2	14	3,3	14	0,0	14	0,0	14	0,0	14	0,5	14	0,1	14	1,3	14	0,1	14	0,0	14	0,0	14	0,0	14	0,0	14	0,0	14	0,0	14	0,0	14	NaN	14	1,8	
15	5,1E+2	15	7,1E+7	15	0,0	15	0,1	15	0,2	15	1,0	15	2,6	15	1,6	15	12,9	15	0,2	15	0,3	15	0,1	15	0,2	15	2,9	15	0,0	15	0,0	15	0,0	15	0,6	15	0,1	15	1,4	15	0,0	15	0,0	15	0,0	15	0,0	15	0,0	15	0,0	15	0,0	15	0,0	15	NaN	15	2,0	
16	4,9E+2	16	7,4E+7	16	0,0	16	0,1	16	0,2	16	0,9	16	2,3	16	1,9	16	12,7	16	0,2	16	0,2	16	0,1	16	0,2	16	3,1	16	0,0	16	0,0	16	0,0	16	0,4	16	0,1	16	1,0	16	0,0	16	0,0	16	0,1	16	0,0	16	0,0	16	0,0	16	0,0	16	0,0	16	NaN	16	2,1	
17	5,0E+2	17	7,3E+7	17	0,0	17	0,1	17	0,2	17	0,9	17	2,1	17	1,9	17	12,4	17	0,2	17	0,1	17	0,1	17	0,2	17	3,1	17	0,0	17	0,0	17	0,0	17	0,5	17	0,0	17	1,3	17	0,1	17	0,0	17	0,0	17	0,0	17	0,0	17	0,0	17	0,0	17	0,0	17	NaN	17	2,1	
18	5,0E+2	18	7,3E+7	18	0,0	18	0,1	18	0,2	18	0,9	18	2,0	18	1,9	18	11,7	18	0,2	18	0,2	18	0,1	18	0,2	18	2,9	18	0,0	18	0,0	18	0,0	18	0,4	18	0,0	18	1,0	18	0,0	18	0,0	18	0,0	18	0,0	18	0,0	18	0,0	18	0,0	18	0,0	18	NaN	18	2,5	
19	4,9E+2	19	7,3E+7	19	0,0	19	0,1	19	0,2	19	0,9	19	2,3	19	1,8	19	12,2	19	0,2	19	0,1	19	0,1	19	0,2	19	3,2	19	0,0	19	0,0	19	0,0	19	0,4	19	0,1	19	1,1	19	0,0	19	0,0	19	0,0	19	0,0	19	0,0	19	0,0	19	0,0	19	0,0	19	NaN	19	1,7	
20	4,9E+2	20	7,4E+7	20	0,0	20	0,1	20	0,2	20	1,0	20	2,2	20	1,7	20	11,5	20	0,2	20	0,1	20	0,0	20	0,2	20	2,7	20	0,0	20	0,0	20	0,0	20	0,2	20	0,1	20	1,1	20	0,1	20	0,0	20	0,1	20	0,0	20	0,0	20	0,0	20	0,0	20	0,0	20	NaN	20	1,9	
21	5,0E+2	21	7,2E+7	21	0,0	21	0,1	21	0,2	21	0,9	21	1,8	21	1,9	21	11,7	21	0,2	21	0,2	21	0,1	21	0,1	21	2,7	21	0,0	21	0,0	21	0,0	21	0,5	21	0,1	21	0,9	21	0,1	21	0,0	21	0,0	21	0,0	21	0,0	21	0,0	21	0,0	21	0,0	21	NaN	21	2,0	
22	4,9E+2	22	7,4E+7	22	0,0	22	0,1	22	0,2	22	0,9	22	2,1	22	1,8	22	11,0	22	0,2	22	0,2	22	0,1	22	0,3	22	2,6	22	0,0	22	0,0	22	0,0	22	0,3	22	0,0	22	1,1	22	0,0	22	0,0	22	0,0	22	0,0	22	0,0	22	0,0	22	0,0	22	0,0	22	NaN	22	2,1	
23	4,8E+2	23	7,4E+7	23	0,0	23	0,1	23	0,2	23	0,9	23	1,8	23	1,8	23	10,7	23	0,3	23	0,2	23	0,0	23	0,2	23	2,8	23	0,0	23	0,0	23	0,0	23	0,4	23	0,1	23	1,1	23	0,0	23	0,0	23	0,0	23	0,0	23	0,0	23	0,0	23	0,0	23	0,0	23	NaN	23	1,9	
24	5,0E+2	24	7,2E+7	24	0,0	24	0,1	24	0,2	24	1,0	24	1,6	24	2,0	24	10,5	24	0,1	24	0,1	24	0,0	24	0,2	24	3,0	24	0,0	24	0,0	24	0,0	24	0,4	24	0,0	24	1,0	24	0,1	24	0,0	24	0,0	24	0,0	24	0,0	24	0,0	24	0,0	24	0,0	24	NaN	24	2,5	
25	4,7E+2	25	7,4E+7	25	0,0	25	0,1	25	0,2	25	1,0	25	2,2	25	3,6	25	23,0	25	0,3	25	0,2	25	0,1	25	0,2	25	3,0	25	0,0	25	0,0	25	0,0	25	0,4	25	0,1	25	1,0	25	0,1	25	0,1	25	0,0	25	0,0	25	0,0	25	0,0	25	0,0	25	0,0	25	NaN	25	8,1	
26	4,8E+2	26	7,6E+7	26	0,0	26	0,1	26	0,2	26	1,1	26	3,9	26	2,6E+2	26	4,0E+2	26	31,5	26	0,5	26	0,0	26	1,0	26	4,2	26	0,0	26	0,0	26	0,0	26	1,6	26	0,0	26	29,2	26	0,1	26	0,0	26	0,1	26	0,0	26	0,0	26	0,0	26	0,0	26	0,0	26	NaN	26	2,1	
27	4,9E+2	27	7,3E+7	27	0,0	27	0,1	27	0,2	27	0,9	27	2,0	27	1,5E+2	27	3,0E+2	27	28,1	27	0,6	27	0,1	27	1,1	27	10,6	27	0,0	27	0,0	27	0,0	27	1,7	27	0,1	27	25,5	27	0,2	27	0,1	27	0,1	27	0,0	27	0,0	27	0,0	27	0,0	27	0,0	27	NaN	27	2,1	
28	4,8E+2	28	7,4E+7	28	0,0	28	0,1	28	0,2	28	0,9	28	2,2	28	1,4E+2	28	2,7E+2	28	26,7	28	0,6	28	0,2	28	1,1	28	16,3	28	0,0	28	0,0	28	0,0	28	1,5	28	0,0	28	23,1	28	0,2	28	0,0	28	0,2	28	0,0	28	0,0	28	0,0	28	0,0	28	0,0	28	NaN	28	1,9	
29	4,7E+2	29	7,5E+7	29	0,0	29	0,1	29	0,2	29	0,9	29	1,8	29	1,4E+2	29	2,6E+2	29	25,3	29	0,4	29	0,2	29	1,0	29	19,5	29	0,0	29	0,0	29	0,0	29	1,4	29	0,1	29	21,6	29	0,2	29	0,0	29	0,0	29	0,0	29	0,0	29	0,0	29	0,0	29	0,0	29	Inf	29	1,7	
30	4,6E+2	30	7,5E+7	30	0,0	30	0,1	30	0,2	30	0,9	30	2,7	30	1,4E+2	30	2,5E+2	30	26,0	30	0,6	30	0,3	30	1,1	30	20,0	30	0,0	30	0,0	30	0,0	30	1,2	30	0,1	30	20,8	30	0,2	30	0,0	30	0,1	30	0,0	30	0,0	30	0,0	30	0,0	30	0,0	30	NaN	30	2,3	
31	4,8E+2	31	7,4E+7	31	0,0	31	0,1	31	0,2	31	0,9	31	2,0	31	1,3E+2	31	2,4E+2	31	26,4	31	0,5	31	0,3	31	1,1	31	20,2	31	0,0	31	0,0	31	0,0	31	1,5	31	0,1	31	21,1	31	0,2	31	0,0	31	0,1	31	0,0	31	0,0	31	0,0	31	0,0	31	0,0	31	NaN	31	2,1	
32	4,9E+2	32	7,3E+7	32	0,0	32	0,1	32	0,2	32	0,9	32	2,2	32	1,3E+2	32	2,3E+2	32	26,0	32	0,6	32	0,3	32	0,7	32	21,8	32	0,0	32	0,0	32	0,0	32	1,2	32	0,1	32	20,7	32	0,2	32	0,0	32	0,1	32	0,0	32	0,0	32	0,0	32	0,0	32	0,0	32	Inf	32	2,3	
33	4,9E+2	33	7,3E+7	33	0,0	33	0,1	33	0,2	33	0,9	33	1,8	33	1,3E+2	33	2,2E+2	33	25,3	33	0,6	33	0,3	33	0,9	33	21,9	33	0,0	33	0,0	33	0,0	33	1,3	33	0,1	33	19,1	33	0,2	33	0,0	33	0,1	33	0,0	33	0,0	33	0,0	33	0,0	33	0,0	33	NaN	33	1,9	
34	4,7E+2	34	7,6E+7	34	0,0	34	0,1	34	0,2	34	0,9	34	2,1	34	1,2E+2	34	2,1E+2	34	24,6	34	0,3	34	0,2	34	0,9	34	21,5	34	0,0	34	0,0	34	0,0	34	1,3	34	0,0	34	17,4	34	0,2	34	0,0	34	0,1	34	0,0	34	0,0	34	0,0	34	0,0	34	0,0	34	NaN	34	2,1	
35	4,8E+2	35	7,4E+7	35	0,0	35	0,1	35	0,2	35	0,9	35	2,5	35	1,2E+2	35	2,1E+2	35	25,1	35	0,5	35	0,2	35	0,9	35	21,0	35	0,0	35	0,0	35	0,0	35	1,0	35	0,0	35	17,7	35	0,2	35	0,0	35	0,1	35	0,0	35	0,0	35	0,0	35	0,0	35	0,0	35	NaN	35	2,0	
36	4,8E+2	36	7,3E+7	36	0,0	36	0,1	36	0,2	36	0,9	36	2,1	36	1,2E+2	36	2,0E+2	36	23,9	36	0,5	36	0,2	36	0,7	36	20,4	36	0,0	36	0,0	36	0,0	36	0,9	36	0,0	36	17,7	36	0,3	36	0,0	36	0,1	36	0,0	36	0,0	36	0,0	36	0,0	36	0,0	36	NaN	36	2,5	
37	4,8E+2	37	7,4E+7	37	0,0	37	0,1	37	0,2	37	0,9	37	2,4	37	1,1E+2	37	1,9E+2	37	24,3	37	0,5	37	0,3	37	0,9	37	20,5	37	0,0	37	0,0	37	0,0	37	1,2	37	0,0	37	16,8	37	0,3	37	0,1	37	0,1	37	0,0	37	0,0	37	0,0	37	0,0	37	0,0	37	NaN	37	2,0	
38	4,8E+2	38	7,5E+7	38	0,0	38	0,1	38	0,2	38	0,9	38	1,8	38	1,1E+2	38	1,8E+2	38	23,6	38	0,5	38	0,3	38	1,1	38	21,7	38	0,0	38	0,0	38	0,0	38	1,0	38	0,0	38	16,0	38	0,2	38	0,0	38	0,1	38	0,0	38	0,0	38	0,0	38	0,0	38	0,0	38	NaN	38	1,9	
39	4,7E+2	39	7,5E+7	39	0,0	39	0,1	39	0,2	39	0,9	39	2,0	39	1,1E+2	39	1,8E+2	39	23,1	39	0,6	39	0,3	39	0,7	39	20,8	39	0,0	39	0,0	39	0,0	39	1,1	39	0,1	39	16,1	39	0,2	39	0,0	39	0,1	39	0,0	39	0,0	39	0,0	39	0,0	39	0,0	39	NaN	39	1,8	
40	4,7E+2	40	7,5E+7	40	0,0	40	0,1	40	0,2	40	0,9	40	1,9	40	1,0E+2	40	1,7E+2	40	23,4	40	0,4	40	0,3	40	0,6	40	21,1	40	0,0	40	0,0	40	0,0	40	1,1	40	0,1	40	15,0	40	0,2	40	0,0	40	0,1	40	0,0	40	0,0	40	0,0	40	0,0	40	0,0	40	NaN	40	2,1	
41	4,6E+2	41	7,5E+7	41	0,0	41	0,1	41	0,2	41	0,9	41	2,0	41	1,0E+2	41	1,6E+2	41	23,0	41	0,3	41	0,3	41	0,7	41	21,7	41	0,0	41	0,0	41	0,0	41	1,1	41	0,1	41	13,9	41	0,3	41	0,0	41	0,1	41	0,0	41	0,0	41	0,0	41	0,0	41	0,0	41	NaN	41	1,9	
42	4,8E+2	42	7,5E+7	42	0,0	42	0,1	42	0,2	42	0,9	42	1,8	42	1,0E+2	42	1,6E+2	42	22,0	42	0,5	42	0,3	42	0,6	42	22,2	42	0,0	42	0,0	42	0,0	42	1,0	42	0,1	42	14,4	42	0,2	42	0,1	42	0,1	42	0,0	42	0,0	42	0,0	42	0,0	42	0,0	42	NaN	42	2,0	
43	4,5E+2	43	7,6E+7	43	0,0	43	0,1	43	0,2	43	0,9	43	2,2	43	1,0E+2	43	1,6E+2	43	22,7	43	0,4	43	0,3	43	0,6	43	21,1	43	0,0	43	0,0	43	0,0	43	1,1	43	0,1	43	13,3	43	0,2	43	0,0	43	0,1	43	0,0	43	0,0	43	0,0	43	0,0	43	0,0	43	NaN	43	2,2	
44	4,5E+2	44	7,7E+7	44	0,0	44	0,1	44	0,2	44	0,9	44	2,3	44	97,0	44	1,5E+2	44	22,1	44	0,5	44	0,3	44	0,6	44	21,0	44	0,0	44	0,0	44	0,0	44	1,2	44	0,1	44	13,7	44	0,2	44	0,0	44	0,1	44	0,0	44	0,0	44	0,0	44	0,0	44	0,0	44	NaN	44	1,8	
45	4,8E+2	45	7,4E+7	45	0,0	45	0,1	45	0,2	45	0,9	45	1,9	45	1,0E+2	45	1,5E+2	45	22,9	45	0,4	45	0,3	45	0,5	45	20,5	45	0,0	45	0,0	45	0,0	45	1,2	45	0,1	45	12,8	45	0,2	45	0,0	45	0,1	45	0,0	45	0,0	45	0,0	45	0,0	45	0,0	45	NaN	45	2,3	
46	4,7E+2	46	7,5E+7	46	0,0	46	0,1	46	0,2	46	0,9	46	2,3	46	98,0	46	1,4E+2	46	23,8	46	0,4	46	0,3	46	0,6	46	21,7	46	0,0	46	0,0	46	0,0	46	1,0	46	0,1	46	13,0	46	0,4	46	0,0	46	0,1	46	0,0	46	0,0	46	0,0	46	0,0	46	0,0	46	NaN	46	2,0	
47	4,7E+2	47	7,5E+7	47	0,0	47	0,1	47	0,2	47	0,9	47	2,1	47	96,1	47	1,4E+2	47	23,0	47	0,4	47	0,4	47	0,5	47	21,0	47	0,0	47	0,0	47	0,0	47	1,3	47	0,1	47	12,6	47	0,3	47	0,0	47	0,2	47	0,0	47	0,0	47	0,0	47	0,0	47	0,0	47	NaN	47	1,8	
48	4,7E+2	48	7,3E+7	48	0,0	48	0,1	48	0,2	48	0,9	48	1,7	48	98,5	48	1,5E+2	48	21,7	48	0,3	48	0,2	48	0,7	48	22,5	48	0,0	48	0,0	48	0,0	48	1,5	48	0,1	48	20,6	48	0,2	48	0,0	48	0,2	48	0,0	48	0,0	48	0,0	48	0,0	48	0,0	48	NaN	48	7,8	
49	4,8E+2	49	7,9E+7	49	0,0	49	0,1	49	0,2	49	1,3	49	3,8	49	2,7E+2	49	3,9E+2	49	25,2	49	0,6	49	0,3	49	1,4	49	19,1	49	0,0	49	0,0	49	0,0	49	1,8	49	0,2	49	32,5	49	0,2	49	0,0	49	0,1	49	0,0	49	0,0	49	0,0	49	0,0	49	0,0	49	NaN	49	2,4	
50	4,7E+2	50	7,6E+7	50	0,0	50	0,1	50	0,2	50	1,0	50	2,2	50	1,7E+2	50	3,6E+2	50	20,5	50	0,6	50	0,2	50	1,1	50	16,6	50	0,0	50	0,0	50	0,0	50	1,4	50	0,1	50	32,5	50	0,3	50	0,1	50	0,1	50	0,0	50	0,0	50	0,0	50	0,0	50	0,0	50	NaN	50	1,9	
51	4,7E+2	51	7,5E+7	51	0,0	51	0,1	51	0,2	51	0,9	51	1,8	51	1,6E+2	51	3,5E+2	51	21,2	51	0,6	51	0,2	51	1,1	51	15,6	51	0,0	51	0,0	51	0,0	51	1,5	51	0,1	51	30,8	51	0,3	51	0,0	51	0,1	51	0,0	51	0,1	51	0,0	51	0,0	51	0,0	51	NaN	51	2,1	
52	4,7E+2	52	7,4E+7	52	0,0	52	0,1	52	0,2	52	0,9	52	1,8	52	1,6E+2	52	3,4E+2	52	20,7	52	0,7	52	0,2	52	1,1	52	16,2	52	0,0	52	0,0	52	0,0	52	1,6	52	0,2	52	30,5	52	0,2	52	0,0	52	0,2	52	0,0	52	0,0	52	0,0	52	0,0	52	0,0	52	NaN	52	2,1	
53	4,5E+2	53	7,8E+7	53	0,0	53	0,1	53	0,2	53	0,9	53	2,0	53	1,5E+2	53	3,2E+2	53	20,0	53	0,6	53	0,2	53	0,9	53	14,9	53	0,0	53	0,0	53	0,0	53	1,4	53	0,1	53	28,5	53	0,2	53	0,0	53	0,1	53	0,0	53	0,1	53	0,0	53	0,0	53	0,0	53	NaN	53	2,2	
54	4,6E+2	54	7,5E+7	54	0,0	54	0,1	54	0,2	54	0,9	54	2,1	54	1,5E+2	54	3,2E+2	54	21,0	54	0,7	54	0,1	54	1,1	54	14,9	54	0,0	54	0,0	54	0,0	54	1,3	54	0,0	54	28,7	54	0,2	54	0,1	54	0,2	54	0,0	54	0,0	54	0,0	54	0,0	54	0,0	54	Inf	54	2,0	
55	4,6E+2	55	7,7E+7	55	0,0	55	0,1	55	0,2	55	0,9	55	1,8	55	1,5E+2	55	3,0E+2	55	20,3	55	0,5	55	0,2	55	1,0	55	14,8	55	0,0	55	0,0	55	0,0	55	1,3	55	0,1	55	26,4	55	0,1	55	0,0	55	0,2	55	0,0	55	0,0	55	0,0	55	0,0	55	0,0	55	NaN	55	2,1	
56	4,7E+2	56	7,6E+7	56	0,0	56	0,1	56	0,2	56	0,9	56	2,1	56	1,5E+2	56	3,0E+2	56	19,9	56	0,4	56	0,3	56	0,9	56	15,9	56	0,0	56	0,0	56	0,0	56	1,3	56	0,1	56	26,2	56	0,1	56	0,0	56	0,1	56	0,0	56	0,0	56	0,0	56	0,0	56	0,0	56	NaN	56	2,0	
57	4,6E+2	57	7,5E+7	57	0,0	57	0,1	57	0,2	57	0,9	57	1,8	57	1,5E+2	57	2,9E+2	57	20,2	57	0,6	57	0,1	57	1,2	57	15,8	57	0,0	57	0,0	57	0,0	57	1,3	57	0,0	57	26,0	57	0,1	57	0,0	57	0,1	57	0,0	57	0,0	57	0,0	57	0,0	57	0,0	57	NaN	57	1,7	
58	4,7E+2	58	7,4E+7	58	0,0	58	0,1	58	0,2	58	0,9	58	1,7	58	1,5E+2	58	2,8E+2	58	20,8	58	0,6	58	0,2	58	1,0	58	16,0	58	0,0	58	0,0	58	0,0	58	1,5	58	0,0	58	25,1	58	0,2	58	0,0	58	0,1	58	0,0	58	0,0	58	0,0	58	0,0	58	0,0	58	NaN	58	1,6	
59	4,8E+2	59	7,3E+7	59	0,0	59	0,1	59	0,2	59	0,9	59	2,3	59	1,5E+2	59	2,8E+2	59	21,3	59	0,7	59	0,3	59	0,8	59	15,2	59	0,0	59	0,0	59	0,0	59	1,2	59	0,1	59	24,9	59	0,3	59	0,1	59	0,1	59	0,0	59	0,0	59	0,0	59	0,0	59	0,0	59	NaN	59	1,7	
60	4,6E+2	60	7,6E+7	60	0,0	60	0,1	60	0,2	60	0,9	60	2,1	60	1,3E+2	60	2,6E+2	60	19,0	60	0,6	60	0,2	60	0,9	60	15,1	60	0,0	60	0,0	60	0,0	60	1,4	60	0,0	60	22,5	60	0,2	60	0,0	60	0,2	60	0,0	60	0,0	60	0,0	60	0,0	60	0,0	60	NaN	60	2,1	
61	4,4E+2	61	7,7E+7	61	0,0	61	0,1	61	0,2	61	0,9	61	2,5	61	1,3E+2	61	2,5E+2	61	19,2	61	0,4	61	0,2	61	0,8	61	15,6	61	0,0	61	0,0	61	0,0	61	1,4	61	0,1	61	21,6	61	0,2	61	0,0	61	0,1	61	0,0	61	0,0	61	0,0	61	0,0	61	0,0	61	NaN	61	1,9	
62	4,4E+2	62	7,8E+7	62	0,0	62	0,1	62	0,2	62	0,9	62	1,8	62	1,3E+2	62	2,4E+2	62	18,2	62	0,5	62	0,2	62	0,8	62	14,7	62	0,0	62	0,0	62	0,0	62	1,0	62	0,0	62	20,9	62	0,1	62	0,0	62	0,1	62	0,0	62	0,0	62	0,0	62	0,0	62	0,0	62	NaN	62	1,8	
63	4,7E+2	63	7,4E+7	63	0,0	63	0,1	63	0,2	63	0,9	63	1,9	63	1,3E+2	63	2,4E+2	63	19,5	63	0,5	63	0,2	63	0,9	63	15,5	63	0,0	63	0,0	63	0,0	63	1,2	63	0,1	63	21,0	63	0,2	63	0,0	63	0,1	63	0,0	63	0,0	63	0,0	63	0,0	63	0,0	63	NaN	63	1,9	
64	4,7E+2	64	7,4E+7	64	0,0	64	0,1	64	0,2	64	0,9	64	2,0	64	1,3E+2	64	2,4E+2	64	20,3	64	0,6	64	0,3	64	0,7	64	15,6	64	0,0	64	0,0	64	0,0	64	1,1	64	0,1	64	20,7	64	0,2	64	0,0	64	0,2	64	0,0	64	0,0	64	0,0	64	0,0	64	0,0	64	NaN	64	2,0	
65	4,4E+2	65	7,7E+7	65	0,0	65	0,1	65	0,2	65	0,9	65	1,7	65	1,2E+2	65	2,2E+2	65	18,0	65	0,6	65	0,2	65	0,8	65	15,1	65	0,0	65	0,0	65	0,0	65	1,6	65	0,0	65	18,9	65	0,2	65	0,0	65	0,1	65	0,0	65	0,0	65	0,0	65	0,0	65	0,0	65	NaN	65	1,8	
66	4,5E+2	66	7,7E+7	66	0,0	66	0,1	66	0,2	66	0,9	66	1,8	66	1,2E+2	66	2,2E+2	66	17,9	66	0,5	66	0,2	66	0,9	66	15,0	66	0,0	66	0,0	66	0,0	66	1,2	66	0,1	66	19,4	66	0,2	66	0,0	66	0,1	66	0,0	66	0,0	66	0,0	66	0,0	66	0,0	66	NaN	66	2,1	
67	4,5E+2	67	7,7E+7	67	0,0	67	0,1	67	0,2	67	0,9	67	1,8	67	1,2E+2	67	2,1E+2	67	17,9	67	0,4	67	0,2	67	0,8	67	14,9	67	0,0	67	0,0	67	0,0	67	1,1	67	0,1	67	19,1	67	0,2	67	0,0	67	0,1	67	0,0	67	0,0	67	0,0	67	0,0	67	0,0	67	NaN	67	2,0	
68	4,6E+2	68	7,4E+7	68	0,0	68	0,1	68	0,2	68	0,9	68	2,1	68	1,2E+2	68	2,1E+2	68	17,9	68	0,6	68	0,2	68	0,7	68	15,9	68	0,0	68	0,0	68	0,0	68	1,2	68	0,0	68	19,6	68	0,2	68	0,0	68	0,1	68	0,0	68	0,0	68	0,0	68	0,0	68	0,0	68	NaN	68	1,8	
69	4,5E+2	69	7,5E+7	69	0,0	69	0,1	69	0,2	69	0,9	69	1,9	69	1,2E+2	69	2,1E+2	69	18,9	69	0,5	69	0,2	69	0,7	69	15,9	69	0,0	69	0,0	69	0,0	69	1,3	69	0,1	69	18,8	69	0,1	69	0,0	69	0,1	69	0,0	69	0,0	69	0,0	69	0,0	69	0,0	69	NaN	69	2,0	
70	4,7E+2	70	7,5E+7	70	0,0	70	0,1	70	0,2	70	0,9	70	1,9	70	1,2E+2	70	2,1E+2	70	22,0	70	0,5	70	0,2	70	0,8	70	15,2	70	0,0	70	0,0	70	0,0	70	1,2	70	0,1	70	22,1	70	0,2	70	0,0	70	0,1	70	0,0	70	0,0	70	0,0	70	0,0	70	0,0	70	NaN	70	1,9	
71	4,5E+2	71	7,8E+7	71	0,0	71	0,1	71	0,2	71	0,9	71	2,1	71	1,3E+2	71	2,1E+2	71	20,9	71	0,4	71	0,2	71	0,8	71	16,5	71	0,0	71	0,0	71	0,0	71	2,3	71	0,0	71	30,8	71	0,1	71	0,0	71	0,3	71	0,0	71	0,1	71	0,0	71	0,0	71	0,0	71	NaN	71	4,2	
72	4,5E+2	72	7,9E+7	72	0,0	72	0,1	72	0,2	72	1,3	72	4,3	72	5,3E+2	72	8,0E+2	72	56,1	72	1,4	72	0,3	72	2,6	72	14,6	72	0,0	72	0,0	72	0,0	72	2,2	72	0,1	72	47,4	72	0,2	72	0,0	72	0,1	72	0,0	72	0,1	72	0,0	72	0,0	72	0,0	72	NaN	72	2,2	
73	4,6E+2	73	7,7E+7	73	0,0	73	0,1	73	0,2	73	1,0	73	2,2	73	2,8E+2	73	4,9E+2	73	34,6	73	1,0	73	0,1	73	1,9	73	15,5	73	0,0	73	0,0	73	0,0	73	2,6	73	0,1	73	47,5	73	0,1	73	0,0	73	0,1	73	0,0	73	0,2	73	0,0	73	0,0	73	0,0	73	NaN	73	2,3	
74	4,4E+2	74	7,8E+7	74	0,0	74	0,1	74	0,2	74	0,9	74	2,2	74	3,2E+2	74	5,6E+2	74	38,5	74	0,9	74	0,2	74	2,0	74	13,6	74	0,0	74	0,0	74	0,0	74	2,3	74	0,0	74	49,6	74	0,2	74	0,0	74	0,1	74	0,0	74	0,1	74	0,0	74	0,0	74	0,0	74	NaN	74	2,1	
75	4,2E+2	75	7,7E+7	75	0,0	75	0,1	75	0,2	75	0,9	75	2,0	75	2,9E+2	75	5,4E+2	75	39,6	75	0,9	75	0,1	75	2,4	75	13,2	75	0,0	75	0,0	75	0,0	75	2,5	75	0,0	75	47,4	75	0,1	75	0,0	75	0,2	75	0,0	75	0,1	75	0,0	75	0,0	75	0,0	75	NaN	75	2,0	
76	4,6E+2	76	7,7E+7	76	0,0	76	0,1	76	0,2	76	0,9	76	1,8	76	2,8E+2	76	5,3E+2	76	39,0	76	1,1	76	0,3	76	1,9	76	13,6	76	0,0	76	0,0	76	0,0	76	2,3	76	0,0	76	46,0	76	0,1	76	0,0	76	0,2	76	0,0	76	0,1	76	0,0	76	0,0	76	0,0	76	NaN	76	1,8	
77	4,6E+2	77	7,7E+7	77	0,0	77	0,1	77	0,2	77	0,9	77	2,3	77	2,7E+2	77	5,0E+2	77	38,1	77	0,9	77	0,2	77	2,0	77	13,6	77	0,0	77	0,0	77	0,0	77	2,2	77	0,0	77	44,1	77	0,1	77	0,0	77	0,2	77	0,0	77	0,1	77	0,0	77	0,0	77	0,0	77	NaN	77	2,2	
78	4,5E+2	78	7,6E+7	78	0,0	78	0,1	78	0,2	78	0,9	78	2,4	78	2,6E+2	78	4,9E+2	78	36,9	78	0,9	78	0,2	78	1,9	78	12,9	78	0,0	78	0,0	78	0,0	78	2,2	78	0,0	78	43,1	78	0,2	78	0,0	78	0,1	78	0,0	78	0,1	78	0,0	78	0,0	78	0,0	78	NaN	78	2,3	
79	2,7E+2	79	7,7E+7	79	0,0	79	0,1	79	0,2	79	0,9	79	1,2	79	1,4E+2	79	2,7E+2	79	21,1	79	0,6	79	0,1	79	1,1	79	7,7	79	0,0	79	0,0	79	0,0	79	1,2	79	0,1	79	24,5	79	0,1	79	0,0	79	0,1	79	0,0	79	0,1	79	0,0	79	0,0	79	0,0	79	NaN	79	1,3	
80	4,4E+2	80	7,8E+7	80	0,0	80	0,1	80	0,2	80	0,9	80	2,2	80	2,2E+2	80	4,3E+2	80	35,2	80	0,9	80	0,2	80	1,8	80	12,8	80	0,0	80	0,0	80	0,0	80	1,8	80	0,0	80	36,9	80	0,1	80	0,0	80	0,1	80	0,0	80	0,1	80	0,0	80	0,0	80	0,0	80	NaN	80	2,1	
81	4,4E+2	81	7,8E+7	81	0,0	81	0,1	81	0,2	81	0,9	81	1,9	81	2,2E+2	81	4,1E+2	81	33,6	81	0,6	81	0,2	81	1,8	81	13,4	81	0,0	81	0,0	81	0,0	81	1,8	81	0,1	81	35,5	81	0,1	81	0,1	81	0,2	81	0,0	81	0,1	81	0,0	81	0,0	81	0,0	81	NaN	81	2,0	
82	4,4E+2	82	7,8E+7	82	0,0	82	0,1	82	0,2	82	0,9	82	2,0	82	2,0E+2	82	3,9E+2	82	31,1	82	0,8	82	0,2	82	1,5	82	12,8	82	0,0	82	0,0	82	0,0	82	1,9	82	0,1	82	32,7	82	0,1	82	0,0	82	0,1	82	0,0	82	0,1	82	0,0	82	0,0	82	0,0	82	NaN	82	2,0	
83	4,3E+2	83	7,8E+7	83	0,0	83	0,1	83	0,2	83	0,9	83	1,9	83	2,1E+2	83	3,9E+2	83	33,2	83	0,7	83	0,2	83	1,6	83	12,7	83	0,0	83	0,0	83	0,0	83	1,8	83	0,0	83	35,3	83	0,1	83	0,0	83	0,1	83	0,0	83	0,0	83	0,0	83	0,0	83	0,0	83	NaN	83	1,9	
84	4,5E+2	84	7,6E+7	84	0,0	84	0,1	84	0,2	84	0,9	84	1,7	84	2,1E+2	84	4,0E+2	84	33,7	84	0,8	84	0,2	84	1,3	84	12,9	84	0,0	84	0,0	84	0,0	84	1,7	84	0,1	84	35,1	84	0,2	84	0,0	84	0,1	84	0,0	84	0,0	84	0,0	84	0,0	84	0,0	84	NaN	84	1,9	
85	4,6E+2	85	7,6E+7	85	0,0	85	0,1	85	0,2	85	0,9	85	1,8	85	2,0E+2	85	3,7E+2	85	32,8	85	0,9	85	0,2	85	1,3	85	13,5	85	0,0	85	0,0	85	0,0	85	1,9	85	0,1	85	31,2	85	0,1	85	0,0	85	0,1	85	0,0	85	0,1	85	0,0	85	0,0	85	0,0	85	Inf	85	2,0	
86	4,6E+2	86	7,6E+7	86	0,0	86	0,1	86	0,2	86	0,9	86	1,7	86	1,8E+2	86	3,5E+2	86	29,0	86	0,8	86	0,2	86	1,4	86	12,5	86	0,0	86	0,0	86	0,0	86	1,7	86	0,0	86	29,8	86	0,1	86	0,0	86	0,1	86	0,0	86	0,1	86	0,0	86	0,0	86	0,0	86	NaN	86	2,1	
87	4,4E+2	87	7,6E+7	87	0,0	87	0,1	87	0,2	87	0,9	87	2,2	87	1,7E+2	87	3,2E+2	87	29,1	87	0,7	87	0,1	87	1,3	87	12,8	87	0,0	87	0,0	87	0,0	87	1,2	87	0,0	87	27,2	87	0,1	87	0,0	87	0,1	87	0,0	87	0,0	87	0,0	87	0,0	87	0,0	87	NaN	87	2,0	
88	4,5E+2	88	7,6E+7	88	0,0	88	0,1	88	0,2	88	0,9	88	2,1	88	1,7E+2	88	3,1E+2	88	27,6	88	0,7	88	0,3	88	1,2	88	12,4	88	0,0	88	0,0	88	0,0	88	1,3	88	0,1	88	27,2	88	0,1	88	0,0	88	0,1	88	0,0	88	0,0	88	0,0	88	0,0	88	0,0	88	NaN	88	1,8	
89	4,4E+2	89	7,7E+7	89	0,0	89	0,1	89	0,2	89	0,9	89	1,9	89	1,6E+2	89	3,0E+2	89	28,2	89	0,6	89	0,2	89	1,2	89	11,7	89	0,0	89	0,0	89	0,0	89	1,4	89	0,1	89	25,8	89	0,2	89	0,0	89	0,1	89	0,0	89	0,1	89	0,0	89	0,0	89	0,0	89	NaN	89	1,8	
90	4,5E+2	90	7,6E+7	90	0,0	90	0,1	90	0,2	90	0,9	90	1,8	90	1,6E+2	90	2,9E+2	90	28,0	90	0,8	90	0,1	90	0,9	90	12,0	90	0,0	90	0,0	90	0,0	90	1,2	90	0,1	90	25,6	90	0,1	90	0,0	90	0,0	90	0,0	90	0,1	90	0,0	90	0,0	90	0,0	90	NaN	90	1,7	
91	4,5E+2	91	7,6E+7	91	0,0	91	0,1	91	0,2	91	0,9	91	1,7	91	1,7E+2	91	3,0E+2	91	31,7	91	0,8	91	0,1	91	1,2	91	12,0	91	0,0	91	0,0	91	0,0	91	1,7	91	0,1	91	31,8	91	0,2	91	0,0	91	0,1	91	0,0	91	0,0	91	0,0	91	0,0	91	0,0	91	NaN	91	1,9	
92	4,5E+2	92	7,7E+7	92	0,0	92	0,1	92	0,2	92	1,2	92	3,9	92	51,8	92	1,3E+2	92	12,2	92	0,3	92	0,1	92	1,0	92	13,6	92	0,0	92	0,0	92	0,0	92	3,4	92	0,1	92	53,4	92	0,2	92	0,0	92	0,2	92	0,0	92	0,1	92	0,0	92	0,0	92	0,0	92	NaN	92	3,0	
93	4,3E+2	93	8,0E+7	93	0,0	93	0,1	93	0,2	93	1,0	93	2,0	93	1,5E+2	93	3,9E+2	93	17,2	93	0,8	93	0,2	93	2,7	93	11,0	93	0,0	93	0,0	93	0,0	93	1,4	93	0,0	93	28,4	93	0,1	93	0,0	93	0,1	93	0,0	93	0,1	93	0,0	93	0,0	93	0,0	93	NaN	93	2,2	
94	4,4E+2	94	7,7E+7	94	0,0	94	0,1	94	0,2	94	0,9	94	1,8	94	97,8	94	2,8E+2	94	13,0	94	0,5	94	0,2	94	2,0	94	11,2	94	0,0	94	0,0	94	0,0	94	1,3	94	0,0	94	23,1	94	0,2	94	0,0	94	0,1	94	0,0	94	0,1	94	0,0	94	0,0	94	0,0	94	Inf	94	1,9	
95	4,4E+2	95	7,6E+7	95	0,0	95	0,1	95	0,2	95	0,9	95	2,1	95	81,2	95	2,4E+2	95	12,0	95	0,5	95	0,1	95	1,9	95	10,8	95	0,0	95	0,0	95	0,0	95	1,1	95	0,1	95	21,0	95	0,2	95	0,0	95	0,1	95	0,0	95	0,1	95	0,0	95	0,0	95	0,0	95	NaN	95	1,9	
96	4,6E+2	96	7,4E+7	96	0,0	96	0,1	96	0,2	96	0,9	96	1,7	96	75,3	96	2,3E+2	96	11,6	96	0,5	96	0,2	96	1,6	96	11,1	96	0,0	96	0,0	96	0,0	96	1,0	96	0,1	96	17,7	96	0,1	96	0,0	96	0,1	96	0,0	96	0,0	96	0,0	96	0,0	96	0,0	96	NaN	96	1,8	
97	4,5E+2	97	7,4E+7	97	0,0	97	0,1	97	0,2	97	0,9	97	1,7	97	69,0	97	2,1E+2	97	11,3	97	0,6	97	0,1	97	1,7	97	10,9	97	0,0	97	0,0	97	0,0	97	0,9	97	0,1	97	18,0	97	0,1	97	0,0	97	0,2	97	0,0	97	0,0	97	0,0	97	0,0	97	0,0	97	NaN	97	1,6	
98	4,4E+2	98	7,8E+7	98	0,0	98	0,1	98	0,2	98	0,9	98	1,6	98	61,6	98	1,9E+2	98	11,2	98	0,5	98	0,1	98	1,5	98	10,2	98	0,0	98	0,0	98	0,0	98	1,0	98	0,0	98	15,8	98	0,1	98	0,0	98	0,1	98	0,0	98	0,0	98	0,0	98	0,0	98	0,0	98	NaN	98	2,1	
99	4,5E+2	99	7,6E+7	99	0,0	99	0,1	99	0,2	99	0,9	99	1,9	99	59,7	99	1,8E+2	99	10,1	99	0,4	99	0,2	99	1,3	99	10,4	99	0,0	99	0,0	99	0,0	99	0,9	99	0,1	99	16,0	99	0,2	99	0,0	99	0,1	99	0,0	99	0,0	99	0,0	99	0,0	99	0,0	99	NaN	99	2,4	
100	4,2E+2	100	7,8E+7	100	0,0	100	0,1	100	0,2	100	0,9	100	1,8	100	56,0	100	1,7E+2	100	9,4	100	0,5	100	0,2	100	1,3	100	10,4	100	0,0	100	0,0	100	0,0	100	0,8	100	0,0	100	14,1	100	0,1	100	0,0	100	0,0	100	0,0	100	0,0	100	0,0	100	0,0	100	0,0	100	NaN	100	1,5	
101	4,3E+2	101	7,7E+7	101	0,0	101	0,1	101	0,2	101	0,9	101	1,8	101	54,4	101	1,6E+2	101	9,3	101	0,4	101	0,1	101	1,2	101	10,3	101	0,0	101	0,0	101	0,0	101	0,9	101	0,1	101	13,7	101	0,1	101	0,0	101	0,1	101	0,0	101	0,0	101	0,0	101	0,0	101	0,0	101	NaN	101	2,2	
102	4,5E+2	102	7,6E+7	102	0,0	102	0,1	102	0,2	102	0,9	102	1,9	102	54,3	102	1,6E+2	102	9,4	102	0,5	102	0,1	102	1,3	102	10,1	102	0,0	102	0,0	102	0,0	102	0,8	102	0,1	102	13,4	102	0,1	102	0,0	102	0,1	102	0,0	102	0,0	102	0,0	102	0,0	102	0,0	102	NaN	102	1,8	
103	4,4E+2	103	7,6E+7	103	0,0	103	0,1	103	0,2	103	0,9	103	2,1	103	51,9	103	1,5E+2	103	8,8	103	0,2	103	0,2	103	1,1	103	10,8	103	0,0	103	0,0	103	0,0	103	0,8	103	0,1	103	13,0	103	0,1	103	0,0	103	0,1	103	0,0	103	0,0	103	0,0	103	0,0	103	0,0	103	NaN	103	1,9	
104	4,4E+2	104	7,6E+7	104	0,0	104	0,1	104	0,2	104	0,9	104	1,9	104	49,8	104	1,5E+2	104	8,8	104	0,3	104	0,2	104	1,2	104	10,7	104	0,0	104	0,0	104	0,0	104	0,8	104	0,1	104	12,5	104	0,1	104	0,0	104	0,1	104	0,0	104	0,0	104	0,0	104	0,0	104	0,0	104	NaN	104	1,9	
105	4,3E+2	105	7,8E+7	105	0,0	105	0,1	105	0,2	105	0,8	105	1,8	105	47,8	105	1,4E+2	105	7,7	105	0,4	105	0,2	105	1,1	105	9,8	105	0,0	105	0,0	105	0,0	105	0,6	105	0,1	105	11,2	105	0,2	105	0,0	105	0,1	105	0,0	105	0,0	105	0,0	105	0,0	105	0,0	105	NaN	105	1,6	
106	4,2E+2	106	7,7E+7	106	0,0	106	0,1	106	0,2	106	0,9	106	1,9	106	45,9	106	1,3E+2	106	8,2	106	0,5	106	0,2	106	1,1	106	10,1	106	0,0	106	0,0	106	0,0	106	0,7	106	0,1	106	12,3	106	0,1	106	0,0	106	0,1	106	0,0	106	0,0	106	0,0	106	0,0	106	0,0	106	NaN	106	1,6	
107	4,3E+2	107	7,8E+7	107	0,0	107	0,1	107	0,2	107	0,8	107	1,8	107	44,8	107	1,3E+2	107	8,9	107	0,2	107	0,1	107	1,1	107	10,0	107	0,0	107	0,0	107	0,0	107	0,7	107	0,1	107	11,5	107	0,2	107	0,0	107	0,2	107	0,0	107	0,0	107	0,0	107	0,0	107	0,0	107	NaN	107	1,8	
108	4,3E+2	108	7,6E+7	108	0,0	108	0,1	108	0,2	108	0,9	108	1,9	108	46,0	108	1,3E+2	108	8,4	108	0,3	108	0,2	108	0,9	108	10,3	108	0,0	108	0,0	108	0,0	108	0,7	108	0,1	108	10,5	108	0,1	108	0,0	108	0,1	108	0,0	108	0,0	108	0,0	108	0,0	108	0,0	108	NaN	108	1,9	
109	4,3E+2	109	7,8E+7	109	0,0	109	0,1	109	0,2	109	0,9	109	1,6	109	44,0	109	1,2E+2	109	8,2	109	0,3	109	0,2	109	1,2	109	9,5	109	0,0	109	0,0	109	0,0	109	0,6	109	0,1	109	10,6	109	0,1	109	0,0	109	0,1	109	0,0	109	0,0	109	0,0	109	0,0	109	0,0	109	NaN	109	1,9	
110	4,4E+2	110	7,7E+7	110	0,0	110	0,1	110	0,2	110	0,9	110	1,9	110	41,9	110	1,2E+2	110	7,7	110	0,4	110	0,1	110	0,8	110	9,6	110	0,0	110	0,0	110	0,0	110	0,8	110	0,0	110	10,3	110	0,1	110	0,0	110	0,1	110	0,0	110	0,0	110	0,0	110	0,0	110	0,0	110	NaN	110	2,1	
111	4,5E+2	111	7,5E+7	111	0,0	111	0,1	111	0,2	111	0,9	111	2,1	111	43,5	111	1,2E+2	111	7,9	111	0,3	111	0,1	111	0,8	111	10,1	111	0,0	111	0,0	111	0,0	111	0,9	111	0,1	111	10,1	111	0,1	111	0,1	111	0,1	111	0,0	111	0,0	111	0,0	111	0,0	111	0,0	111	NaN	111	1,9	
112	4,3E+2	112	7,6E+7	112	0,0	112	0,1	112	0,2	112	0,8	112	2,0	112	41,9	112	1,1E+2	112	7,5	112	0,3	112	0,2	112	1,0	112	10,1	112	0,0	112	0,0	112	0,0	112	0,7	112	0,1	112	9,5	112	0,1	112	0,0	112	0,1	112	0,0	112	0,0	112	0,0	112	0,0	112	0,0	112	NaN	112	2,0	
113	4,4E+2	113	7,6E+7	113	0,0	113	0,1	113	0,2	113	0,9	113	1,7	113	42,0	113	1,1E+2	113	7,8	113	0,4	113	0,2	113	0,9	113	10,3	113	0,0	113	0,0	113	0,0	113	0,8	113	0,1	113	8,9	113	0,1	113	0,0	113	0,1	113	0,0	113	0,0	113	0,0	113	0,0	113	0,0	113	Inf	113	2,0	
114	4,3E+2	114	7,8E+7	114	0,0	114	0,1	114	0,2	114	0,8	114	1,5	114	39,7	114	1,1E+2	114	7,1	114	0,3	114	0,1	114	0,8	114	9,7	114	0,0	114	0,0	114	0,0	114	1,1	114	0,0	114	16,7	114	0,1	114	0,0	114	0,1	114	0,0	114	0,0	114	0,0	114	0,0	114	0,0	114	NaN	114	2,1	
115	4,5E+2	115	7,6E+7	115	0,0	115	0,1	115	0,2	115	1,6	115	5,7	115	2,8E+2	115	4,6E+2	115	20,8	115	0,6	115	0,2	115	1,5	115	12,1	115	0,0	115	0,0	115	0,0	115	2,4	115	0,1	115	64,0	115	0,2	115	0,0	115	0,1	115	0,0	115	0,1	115	0,0	115	0,0	115	0,0	115	NaN	115	2,9	
116	4,2E+2	116	8,0E+7	116	0,0	116	0,1	116	0,2	116	0,9	116	2,2	116	1,6E+2	116	4,4E+2	116	22,9	116	0,7	116	0,2	116	1,6	116	12,1	116	0,0	116	0,0	116	0,0	116	1,5	116	0,0	116	37,0	116	0,1	116	0,0	116	0,1	116	0,0	116	0,1	116	0,0	116	0,0	116	0,0	116	NaN	116	1,8	
117	4,4E+2	117	7,7E+7	117	0,0	117	0,1	117	0,2	117	0,9	117	1,8	117	1,3E+2	117	4,0E+2	117	21,2	117	0,6	117	0,2	117	1,3	117	15,9	117	0,0	117	0,0	117	0,0	117	1,5	117	0,1	117	34,4	117	0,2	117	0,0	117	0,1	117	0,0	117	0,0	117	0,0	117	0,0	117	0,0	117	NaN	117	2,3	
118	4,3E+2	118	7,7E+7	118	0,0	118	0,1	118	0,2	118	0,9	118	1,6	118	1,2E+2	118	3,7E+2	118	21,5	118	0,7	118	0,3	118	1,3	118	17,5	118	0,0	118	0,0	118	0,0	118	1,3	118	0,0	118	32,3	118	0,2	118	0,0	118	0,2	118	0,0	118	0,1	118	0,0	118	0,0	118	0,0	118	NaN	118	1,7	
119	4,4E+2	119	7,7E+7	119	0,0	119	0,1	119	0,2	119	0,9	119	1,6	119	1,2E+2	119	3,5E+2	119	21,7	119	0,6	119	0,3	119	1,3	119	19,3	119	0,0	119	0,0	119	0,0	119	1,3	119	0,1	119	31,4	119	0,3	119	0,0	119	0,2	119	0,0	119	0,1	119	0,0	119	0,0	119	0,0	119	NaN	119	1,8	
120	4,3E+2	120	7,8E+7	120	0,0	120	0,1	120	0,2	120	0,9	120	1,8	120	1,1E+2	120	3,3E+2	120	20,5	120	0,7	120	0,2	120	1,3	120	19,2	120	0,0	120	0,0	120	0,0	120	1,0	120	0,0	120	30,3	120	0,2	120	0,0	120	0,2	120	0,0	120	0,0	120	0,0	120	0,0	120	0,0	120	NaN	120	2,0	
121	4,3E+2	121	7,8E+7	121	0,0	121	0,1	121	0,2	121	0,9	121	1,7	121	1,1E+2	121	3,2E+2	121	20,9	121	0,6	121	0,3	121	1,2	121	19,9	121	0,0	121	0,0	121	0,0	121	1,3	121	0,1	121	28,0	121	0,3	121	0,0	121	0,2	121	0,0	121	0,0	121	0,0	121	0,0	121	0,0	121	NaN	121	1,9	
122	4,4E+2	122	7,6E+7	122	0,0	122	0,1	122	0,2	122	0,9	122	2,1	122	1,1E+2	122	3,1E+2	122	20,6	122	0,6	122	0,3	122	1,2	122	20,2	122	0,0	122	0,0	122	0,0	122	1,1	122	0,2	122	28,0	122	0,2	122	0,0	122	0,2	122	0,0	122	0,0	122	0,0	122	0,0	122	0,0	122	Inf	122	2,3	
123	4,3E+2	123	7,8E+7	123	0,0	123	0,1	123	0,2	123	0,9	123	1,9	123	1,1E+2	123	3,0E+2	123	20,6	123	0,6	123	0,3	123	1,2	123	20,1	123	0,0	123	0,0	123	0,0	123	1,0	123	0,0	123	25,9	123	0,2	123	0,0	123	0,2	123	0,0	123	0,0	123	0,0	123	0,0	123	0,0	123	NaN	123	1,8	
124	4,2E+2	124	7,9E+7	124	0,0	124	0,1	124	0,2	124	0,9	124	2,0	124	1,0E+2	124	2,8E+2	124	20,0	124	0,5	124	0,2	124	1,1	124	19,1	124	0,0	124	0,0	124	0,0	124	1,0	124	0,1	124	24,8	124	0,2	124	0,0	124	0,2	124	0,0	124	0,0	124	0,0	124	0,0	124	0,0	124	NaN	124	2,0	
125	4,2E+2	125	7,8E+7	125	0,0	125	0,1	125	0,2	125	0,9	125	1,9	125	1,0E+2	125	2,7E+2	125	19,3	125	0,7	125	0,2	125	1,0	125	19,7	125	0,0	125	0,0	125	0,0	125	1,1	125	0,1	125	24,2	125	0,2	125	0,0	125	0,2	125	0,0	125	0,0	125	0,0	125	0,0	125	0,0	125	NaN	125	2,0	
126	4,3E+2	126	7,6E+7	126	0,0	126	0,1	126	0,2	126	0,9	126	2,1	126	1,0E+2	126	2,8E+2	126	19,8	126	0,7	126	0,2	126	1,1	126	19,5	126	0,0	126	0,0	126	0,0	126	1,0	126	0,1	126	23,0	126	0,3	126	0,0	126	0,1	126	0,0	126	0,0	126	0,0	126	0,0	126	0,0	126	NaN	126	2,0	
127	4,3E+2	127	7,6E+7	127	0,0	127	0,1	127	0,2	127	0,9	127	1,8	127	99,4	127	2,7E+2	127	19,6	127	0,5	127	0,3	127	1,2	127	19,5	127	0,0	127	0,0	127	0,0	127	1,2	127	0,1	127	22,9	127	0,2	127	0,0	127	0,1	127	0,0	127	0,0	127	0,0	127	0,0	127	0,0	127	NaN	127	1,8	
128	4,3E+2	128	7,8E+7	128	0,0	128	0,1	128	0,2	128	0,9	128	1,7	128	95,6	128	2,4E+2	128	19,4	128	0,5	128	0,3	128	1,0	128	20,2	128	0,0	128	0,0	128	0,0	128	1,0	128	0,1	128	21,1	128	0,2	128	0,1	128	0,2	128	0,0	128	0,0	128	0,0	128	0,0	128	0,0	128	NaN	128	1,7	
129	4,3E+2	129	7,7E+7	129	0,0	129	0,1	129	0,2	129	0,9	129	1,8	129	95,8	129	2,4E+2	129	18,4	129	0,6	129	0,2	129	1,0	129	20,8	129	0,0	129	0,0	129	0,0	129	1,0	129	0,1	129	20,5	129	0,2	129	0,0	129	0,1	129	0,0	129	0,0	129	0,0	129	0,0	129	0,0	129	NaN	129	2,0	
130	4,1E+2	130	7,9E+7	130	0,0	130	0,1	130	0,2	130	0,9	130	1,8	130	93,0	130	2,3E+2	130	18,5	130	0,7	130	0,2	130	1,0	130	19,3	130	0,0	130	0,0	130	0,0	130	1,0	130	0,1	130	19,9	130	0,2	130	0,1	130	0,1	130	0,0	130	0,0	130	0,0	130	0,0	130	0,0	130	NaN	130	1,9	
131	4,3E+2	131	7,7E+7	131	0,0	131	0,1	131	0,2	131	0,9	131	1,9	131	93,8	131	2,3E+2	131	18,9	131	0,5	131	0,3	131	1,0	131	20,3	131	0,0	131	0,0	131	0,0	131	1,0	131	0,0	131	18,7	131	0,3	131	0,0	131	0,1	131	0,0	131	0,0	131	0,0	131	0,0	131	0,0	131	NaN	131	2,3	
132	4,3E+2	132	7,8E+7	132	0,0	132	0,1	132	0,2	132	0,9	132	2,0	132	92,8	132	2,2E+2	132	18,1	132	0,6	132	0,3	132	0,9	132	20,1	132	0,0	132	0,0	132	0,0	132	1,0	132	0,1	132	19,5	132	0,1	132	0,0	132	0,2	132	0,0	132	0,0	132	0,0	132	0,0	132	0,0	132	Inf	132	1,9	
133	4,3E+2	133	7,6E+7	133	0,0	133	0,1	133	0,2	133	0,9	133	2,0	133	93,5	133	2,1E+2	133	19,3	133	0,4	133	0,3	133	0,8	133	20,7	133	0,0	133	0,0	133	0,0	133	1,1	133	0,1	133	19,2	133	0,2	133	0,0	133	0,1	133	0,0	133	0,0	133	0,0	133	0,0	133	0,0	133	NaN	133	2,0	
134	4,1E+2	134	7,8E+7	134	0,0	134	0,1	134	0,2	134	0,8	134	1,9	134	91,1	134	2,1E+2	134	18,4	134	0,3	134	0,4	134	0,6	134	20,0	134	0,0	134	0,0	134	0,0	134	1,0	134	0,0	134	18,1	134	0,2	134	0,0	134	0,1	134	0,0	134	0,0	134	0,0	134	0,0	134	0,0	134	NaN	134	2,1	
135	4,2E+2	135	7,8E+7	135	0,0	135	0,1	135	0,2	135	0,9	135	1,9	135	86,8	135	2,0E+2	135	18,2	135	0,5	135	0,2	135	0,9	135	19,7	135	0,0	135	0,0	135	0,0	135	0,9	135	0,1	135	17,0	135	0,3	135	0,0	135	0,1	135	0,0	135	0,0	135	0,0	135	0,0	135	0,0	135	NaN	135	1,8	
136	4,3E+2	136	7,7E+7	136	0,0	136	0,1	136	0,2	136	0,9	136	2,3	136	87,4	136	2,0E+2	136	18,1	136	0,4	136	0,3	136	0,8	136	20,5	136	0,0	136	0,0	136	0,0	136	1,0	136	0,0	136	19,6	136	0,2	136	0,0	136	0,1	136	0,0	136	0,0	136	0,0	136	0,0	136	0,0	136	NaN	136	1,7	
137	4,3E+2	137	7,8E+7	137	0,0	137	0,1	137	0,2	137	0,8	137	1,4	137	84,9	137	1,3E+2	137	5,3	137	0,2	137	0,3	137	0,6	137	20,3	137	0,0	137	0,0	137	0,0	137	2,1	137	0,1	137	64,7	137	0,3	137	0,0	137	0,2	137	0,0	137	0,1	137	0,0	137	0,0	137	0,0	137	NaN	137	2,9	
138	4,3E+2	138	7,8E+7	138	0,0	138	0,1	138	0,2	138	0,9	138	2,4	138	1,8E+2	138	4,7E+2	138	29,3	138	0,8	138	0,3	138	1,9	138	18,0	138	0,0	138	0,0	138	0,0	138	1,8	138	0,1	138	36,4	138	0,2	138	0,0	138	0,2	138	0,0	138	0,1	138	0,0	138	0,0	138	0,0	138	NaN	138	2,2	
139	4,2E+2	139	7,8E+7	139	0,0	139	0,1	139	0,2	139	0,9	139	1,7	139	1,1E+2	139	3,5E+2	139	22,1	139	0,7	139	0,2	139	1,2	139	16,8	139	0,0	139	0,0	139	0,0	139	1,4	139	0,0	139	30,4	139	0,2	139	0,0	139	0,2	139	0,0	139	0,1	139	0,0	139	0,0	139	0,0	139	NaN	139	1,9	
140	4,2E+2	140	7,7E+7	140	0,0	140	0,1	140	0,2	140	0,8	140	1,6	140	95,3	140	3,1E+2	140	20,8	140	0,6	140	0,2	140	1,1	140	15,2	140	0,0	140	0,0	140	0,0	140	1,1	140	0,0	140	26,6	140	0,1	140	0,0	140	0,2	140	0,0	140	0,0	140	0,0	140	0,0	140	0,0	140	NaN	140	2,1	
141	4,1E+2	141	7,9E+7	141	0,0	141	0,1	141	0,2	141	0,8	141	1,6	141	86,6	141	2,8E+2	141	18,1	141	0,5	141	0,3	141	0,9	141	15,1	141	0,0	141	0,0	141	0,0	141	1,3	141	0,0	141	23,8	141	0,2	141	0,0	141	0,1	141	0,0	141	0,1	141	0,0	141	0,0	141	0,0	141	NaN	141	1,5	
142	4,3E+2	142	7,7E+7	142	0,0	142	0,1	142	0,2	142	0,9	142	2,0	142	83,6	142	2,6E+2	142	18,9	142	0,5	142	0,2	142	1,0	142	15,1	142	0,0	142	0,0	142	0,0	142	1,1	142	0,0	142	22,3	142	0,1	142	0,0	142	0,1	142	0,0	142	0,1	142	0,0	142	0,0	142	0,0	142	NaN	142	1,8	
143	4,2E+2	143	7,9E+7	143	0,0	143	0,1	143	0,2	143	0,8	143	1,8	143	77,8	143	2,4E+2	143	17,8	143	0,5	143	0,2	143	1,0	143	15,7	143	0,0	143	0,0	143	0,0	143	0,9	143	0,1	143	19,9	143	0,2	143	0,0	143	0,2	143	0,0	143	0,0	143	0,0	143	0,0	143	0,0	143	NaN	143	1,7	
144	4,1E+2	144	7,8E+7	144	0,0	144	0,1	144	0,2	144	0,8	144	1,8	144	74,0	144	2,3E+2	144	17,6	144	0,4	144	0,1	144	0,8	144	15,7	144	0,0	144	0,0	144	0,0	144	1,1	144	0,0	144	20,9	144	0,2	144	0,0	144	0,1	144	0,0	144	0,0	144	0,0	144	0,0	144	0,0	144	NaN	144	1,6	
145	4,2E+2	145	7,9E+7	145	0,0	145	0,1	145	0,2	145	0,8	145	1,7	145	71,2	145	2,1E+2	145	16,7	145	0,5	145	0,2	145	0,9	145	15,2	145	0,0	145	0,0	145	0,0	145	1,0	145	0,0	145	18,8	145	0,1	145	0,0	145	0,1	145	0,0	145	0,0	145	0,0	145	0,0	145	0,0	145	NaN	145	2,0	
146	4,2E+2	146	7,6E+7	146	0,0	146	0,1	146	0,2	146	0,9	146	1,7	146	70,1	146	2,1E+2	146	17,1	146	0,5	146	0,2	146	1,1	146	15,3	146	0,0	146	0,0	146	0,0	146	1,1	146	0,1	146	17,9	146	0,2	146	0,1	146	0,1	146	0,0	146	0,0	146	0,0	146	0,0	146	0,0	146	NaN	146	1,4	
147	4,3E+2	147	7,6E+7	147	0,0	147	0,1	147	0,2	147	0,9	147	1,9	147	70,4	147	2,0E+2	147	16,7	147	0,5	147	0,2	147	0,9	147	16,0	147	0,0	147	0,0	147	0,0	147	1,1	147	0,1	147	16,6	147	0,3	147	0,0	147	0,1	147	0,0	147	0,0	147	0,0	147	0,0	147	0,0	147	NaN	147	2,0	
148	4,2E+2	148	7,8E+7	148	0,0	148	0,1	148	0,2	148	0,9	148	1,7	148	64,9	148	1,9E+2	148	15,5	148	0,5	148	0,2	148	1,0	148	15,4	148	0,0	148	0,0	148	0,0	148	1,1	148	0,1	148	16,2	148	0,2	148	0,0	148	0,2	148	0,0	148	0,0	148	0,0	148	0,0	148	0,0	148	NaN	148	1,8	
149	4,2E+2	149	7,8E+7	149	0,0	149	0,1	149	0,2	149	0,8	149	1,6	149	61,5	149	1,8E+2	149	15,3	149	0,4	149	0,2	149	0,9	149	15,0	149	0,0	149	0,0	149	0,0	149	0,9	149	0,1	149	15,2	149	0,2	149	0,0	149	0,1	149	0,0	149	0,0	149	0,0	149	0,0	149	0,0	149	NaN	149	1,8	
150	4,4E+2	150	7,5E+7	150	0,0	150	0,1	150	0,2	150	0,9	150	1,5	150	64,0	150	1,8E+2	150	14,3	150	0,4	150	0,2	150	0,8	150	15,9	150	0,0	150	0,0	150	0,0	150	0,8	150	0,0	150	15,1	150	0,1	150	0,0	150	0,2	150	0,0	150	0,0	150	0,0	150	0,0	150	0,0	150	NaN	150	1,6	
151	4,3E+2	151	7,7E+7	151	0,0	151	0,1	151	0,2	151	0,9	151	1,7	151	61,4	151	1,6E+2	151	14,4	151	0,4	151	0,2	151	0,7	151	15,0	151	0,0	151	0,0	151	0,0	151	0,8	151	0,1	151	14,2	151	0,2	151	0,1	151	0,1	151	0,0	151	0,0	151	0,0	151	0,0	151	0,0	151	NaN	151	1,8	
152	4,2E+2	152	7,9E+7	152	0,0	152	0,1	152	0,2	152	0,8	152	1,7	152	57,9	152	1,6E+2	152	14,4	152	0,4	152	0,3	152	0,8	152	14,3	152	0,0	152	0,0	152	0,0	152	0,8	152	0,0	152	13,6	152	0,1	152	0,0	152	0,2	152	0,0	152	0,1	152	0,0	152	0,0	152	0,0	152	NaN	152	1,5	
153	4,3E+2	153	7,8E+7	153	0,0	153	0,1	153	0,2	153	0,8	153	1,9	153	56,3	153	1,5E+2	153	14,2	153	0,5	153	0,2	153	0,9	153	15,1	153	0,0	153	0,0	153	0,0	153	0,9	153	0,1	153	13,2	153	0,2	153	0,0	153	0,1	153	0,0	153	0,0	153	0,0	153	0,0	153	0,0	153	NaN	153	1,6	
154	4,2E+2	154	7,7E+7	154	0,0	154	0,1	154	0,2	154	0,9	154	1,6	154	54,5	154	1,4E+2	154	14,6	154	0,5	154	0,1	154	0,6	154	14,8	154	0,0	154	0,0	154	0,0	154	0,9	154	0,0	154	12,0	154	0,1	154	0,1	154	0,1	154	0,0	154	0,0	154	0,0	154	0,0	154	0,0	154	Inf	154	1,9	
155	4,3E+2	155	7,7E+7	155	0,0	155	0,1	155	0,2	155	0,8	155	1,7	155	55,3	155	1,4E+2	155	13,4	155	0,4	155	0,2	155	0,6	155	14,3	155	0,0	155	0,0	155	0,0	155	0,9	155	0,1	155	12,6	155	0,1	155	0,0	155	0,1	155	0,0	155	0,0	155	0,0	155	0,0	155	0,0	155	NaN	155	1,7	
156	4,1E+2	156	7,8E+7	156	0,0	156	0,1	156	0,2	156	0,8	156	1,5	156	51,4	156	1,3E+2	156	12,5	156	0,4	156	0,2	156	0,7	156	14,1	156	0,0	156	0,0	156	0,0	156	1,0	156	0,1	156	10,8	156	0,2	156	0,0	156	0,1	156	0,0	156	0,0	156	0,0	156	0,0	156	0,0	156	NaN	156	1,7	
157	4,2E+2	157	7,9E+7	157	0,0	157	0,1	157	0,2	157	0,8	157	1,9	157	49,5	157	1,3E+2	157	13,0	157	0,4	157	0,2	157	0,7	157	13,4	157	0,0	157	0,0	157	0,0	157	0,9	157	0,1	157	10,9	157	0,2	157	0,1	157	0,1	157	0,0	157	0,0	157	0,0	157	0,0	157	0,0	157	NaN	157	1,6	
158	4,2E+2	158	7,8E+7	158	0,0	158	0,1	158	0,2	158	0,8	158	1,6	158	49,4	158	1,2E+2	158	13,3	158	0,4	158	0,3	158	0,7	158	13,8	158	0,0	158	0,0	158	0,0	158	0,8	158	0,1	158	10,9	158	0,1	158	0,0	158	0,1	158	0,0	158	0,0	158	0,0	158	0,0	158	0,0	158	NaN	158	2,0	
159	4,3E+2	159	7,7E+7	159	0,0	159	0,1	159	0,2	159	0,8	159	1,6	159	52,3	159	1,2E+2	159	12,6	159	0,4	159	0,2	159	0,6	159	13,6	159	0,0	159	0,0	159	0,0	159	1,1	159	0,0	159	14,4	159	0,1	159	0,0	159	0,1	159	0,0	159	0,0	159	0,0	159	0,0	159	0,0	159	NaN	159	2,0	
160	4,2E+2	160	7,8E+7	160	0,0	160	0,1	160	0,2	160	1,1	160	3,2	160	9,5	160	21,9	160	2,4	160	0,2	160	0,2	160	0,3	160	15,4	160	0,0	160	0,0	160	0,0	160	0,4	160	0,0	160	1,8	160	0,1	160	0,0	160	0,1	160	0,0	160	0,0	160	0,0	160	0,0	160	0,0	160	NaN	160	1,8	
161	4,3E+2	161	7,8E+7	161	0,0	161	0,1	161	0,2	161	0,8	161	1,8	161	4,6	161	13,7	161	1,4	161	0,2	161	0,1	161	0,2	161	11,9	161	0,0	161	0,0	161	0,0	161	0,3	161	0,1	161	1,2	161	0,1	161	0,0	161	0,2	161	0,0	161	0,0	161	0,0	161	0,0	161	0,0	161	NaN	161	1,9	
162	4,3E+2	162	7,6E+7	162	0,0	162	0,1	162	0,2	162	0,8	162	1,8	162	3,3	162	11,4	162	1,1	162	0,2	162	0,1	162	0,2	162	8,2	162	0,0	162	0,0	162	0,0	162	0,4	162	0,1	162	0,9	162	0,1	162	0,0	162	0,1	162	0,0	162	0,0	162	0,0	162	0,0	162	0,0	162	NaN	162	1,5	
163	4,3E+2	163	7,7E+7	163	0,0	163	0,1	163	0,2	163	0,8	163	1,7	163	2,8	163	10,0	163	0,9	163	0,2	163	0,1	163	0,2	163	5,6	163	0,0	163	0,0	163	0,0	163	0,4	163	0,0	163	0,6	163	0,1	163	0,0	163	0,1	163	0,0	163	0,0	163	0,0	163	0,0	163	0,0	163	NaN	163	1,7	
164	4,2E+2	164	7,6E+7	164	0,0	164	0,1	164	0,2	164	0,8	164	1,7	164	2,7	164	8,8	164	0,9	164	0,2	164	0,0	164	0,2	164	4,3	164	0,0	164	0,0	164	0,0	164	0,5	164	0,0	164	0,8	164	0,1	164	0,0	164	0,1	164	0,0	164	0,0	164	0,0	164	0,0	164	0,0	164	NaN	164	1,5	
165	4,3E+2	165	7,5E+7	165	0,0	165	0,1	165	0,2	165	0,8	165	1,9	165	2,6	165	8,4	165	1,0	165	0,2	165	0,1	165	0,3	165	3,9	165	0,0	165	0,0	165	0,0	165	0,3	165	0,1	165	0,7	165	0,1	165	0,0	165	0,1	165	0,0	165	0,0	165	0,0	165	0,0	165	0,0	165	NaN	165	1,8	
166	4,2E+2	166	7,7E+7	166	0,0	166	0,1	166	0,2	166	0,8	166	2,0	166	2,6	166	7,2	166	0,8	166	0,1	166	0,1	166	0,2	166	3,8	166	0,0	166	0,0	166	0,0	166	0,3	166	0,1	166	0,5	166	0,1	166	0,0	166	0,0	166	0,0	166	0,0	166	0,0	166	0,0	166	0,0	166	NaN	166	1,5	
167	4,1E+2	167	7,8E+7	167	0,0	167	0,1	167	0,2	167	0,8	167	1,4	167	2,1	167	6,5	167	0,9	167	0,1	167	0,1	167	0,2	167	3,1	167	0,0	167	0,0	167	0,0	167	0,4	167	0,0	167	0,5	167	0,1	167	0,0	167	0,1	167	0,0	167	0,0	167	0,0	167	0,0	167	0,0	167	NaN	167	1,8	
168	4,1E+2	168	7,8E+7	168	0,0	168	0,1	168	0,2	168	0,8	168	1,6	168	2,1	168	6,7	168	1,0	168	0,2	168	0,1	168	0,1	168	2,8	168	0,0	168	0,0	168	0,0	168	0,3	168	0,1	168	0,6	168	0,1	168	0,1	168	0,1	168	0,0	168	0,0	168	0,0	168	0,0	168	0,0	168	NaN	168	1,4	
169	4,2E+2	169	7,6E+7	169	0,0	169	0,1	169	0,2	169	0,8	169	1,6	169	1,9	169	5,6	169	0,8	169	0,1	169	0,1	169	0,1	169	2,7	169	0,0	169	0,0	169	0,0	169	0,3	169	0,1	169	0,4	169	0,1	169	0,0	169	0,1	169	0,0	169	0,0	169	0,0	169	0,0	169	0,0	169	NaN	169	1,5	
170	4,3E+2	170	7,7E+7	170	0,0	170	0,1	170	0,2	170	0,8	170	2,0	170	1,9	170	5,9	170	0,7	170	0,1	170	0,1	170	0,2	170	2,8	170	0,0	170	0,0	170	0,0	170	0,4	170	0,0	170	0,7	170	0,0	170	0,0	170	0,1	170	0,0	170	0,0	170	0,0	170	0,0	170	0,0	170	NaN	170	1,7	
171	4,2E+2	171	7,6E+7	171	0,0	171	0,1	171	0,2	171	0,8	171	1,8	171	1,7	171	5,4	171	0,8	171	0,2	171	0,1	171	0,2	171	2,2	171	0,0	171	0,0	171	0,0	171	0,3	171	0,1	171	0,5	171	0,0	171	0,0	171	0,0	171	0,0	171	0,0	171	0,0	171	0,0	171	0,0	171	NaN	171	1,8	
172	4,2E+2	172	7,6E+7	172	0,0	172	0,1	172	0,2	172	0,8	172	1,4	172	1,5	172	4,0	172	0,5	172	0,1	172	0,1	172	0,2	172	1,9	172	0,0	172	0,0	172	0,0	172	0,3	172	0,1	172	0,5	172	0,1	172	0,0	172	0,0	172	0,0	172	0,0	172	0,0	172	0,0	172	0,0	172	NaN	172	1,6	
173	4,1E+2	173	7,7E+7	173	0,0	173	0,1	173	0,2	173	0,8	173	1,5	173	1,9	173	4,6	173	0,6	173	0,1	173	0,0	173	0,2	173	1,7	173	0,0	173	0,0	173	0,0	173	0,2	173	0,1	173	0,4	173	0,0	173	0,0	173	0,0	173	0,0	173	0,0	173	0,0	173	0,0	173	0,0	173	NaN	173	1,7	
174	4,2E+2	174	7,7E+7	174	0,0	174	0,1	174	0,2	174	0,8	174	1,9	174	1,6	174	4,4	174	0,6	174	0,1	174	0,0	174	0,2	174	2,1	174	0,0	174	0,0	174	0,0	174	0,4	174	0,0	174	0,3	174	0,1	174	0,0	174	0,1	174	0,0	174	0,0	174	0,0	174	0,0	174	0,0	174	NaN	174	1,4	
175	4,1E+2	175	7,8E+7	175	0,0	175	0,1	175	0,2	175	0,8	175	1,5	175	1,6	175	4,4	175	0,6	175	0,2	175	0,0	175	0,1	175	1,9	175	0,0	175	0,0	175	0,0	175	0,5	175	0,1	175	0,4	175	0,0	175	0,1	175	0,1	175	0,0	175	0,0	175	0,0	175	0,0	175	0,0	175	NaN	175	1,4	
176	4,0E+2	176	8,0E+7	176	0,0	176	0,1	176	0,2	176	0,8	176	1,9	176	1,4	176	3,8	176	0,3	176	0,2	176	0,0	176	0,1	176	1,6	176	0,0	176	0,0	176	0,0	176	0,5	176	0,1	176	0,2	176	0,0	176	0,0	176	0,1	176	0,0	176	0,0	176	0,0	176	0,0	176	0,0	176	Inf	176	1,7	
177	4,2E+2	177	7,7E+7	177	0,0	177	0,1	177	0,2	177	0,8	177	1,8	177	1,5	177	4,0	177	0,5	177	0,1	177	0,1	177	0,1	177	1,6	177	0,0	177	0,0	177	0,0	177	0,3	177	0,1	177	0,3	177	0,0	177	0,0	177	0,1	177	0,0	177	0,0	177	0,0	177	0,0	177	0,0	177	NaN	177	1,4	
178	4,2E+2	178	7,7E+7	178	0,0	178	0,1	178	0,2	178	0,8	178	1,2	178	1,1	178	3,6	178	0,5	178	0,1	178	0,0	178	0,1	178	1,6	178	0,0	178	0,0	178	0,0	178	0,3	178	0,1	178	0,3	178	0,0	178	0,0	178	0,1	178	0,0	178	0,0	178	0,0	178	0,0	178	0,0	178	NaN	178	1,6	
179	4,0E+2	179	7,7E+7	179	0,0	179	0,1	179	0,2	179	0,8	179	1,6	179	1,3	179	4,1	179	0,4	179	0,1	179	0,1	179	0,1	179	1,5	179	0,0	179	0,0	179	0,0	179	0,3	179	0,0	179	0,2	179	0,0	179	0,0	179	0,0	179	0,0	179	0,0	179	0,0	179	0,0	179	0,0	179	NaN	179	1,7	
180	4,2E+2	180	7,6E+7	180	0,0	180	0,1	180	0,2	180	0,8	180	2,0	180	1,2	180	4,0	180	0,5	180	0,2	180	0,0	180	0,1	180	1,3	180	0,0	180	0,0	180	0,0	180	0,3	180	0,1	180	0,3	180	0,1	180	0,0	180	0,1	180	0,0	180	0,0	180	0,0	180	0,0	180	0,0	180	NaN	180	1,4	
181	4,1E+2	181	7,6E+7	181	0,0	181	0,1	181	0,2	181	0,8	181	2,1	181	1,3	181	3,5	181	0,5	181	0,1	181	0,1	181	0,2	181	1,2	181	0,0	181	0,0	181	0,0	181	0,2	181	0,1	181	0,3	181	0,0	181	0,0	181	0,1	181	0,0	181	0,0	181	0,0	181	0,0	181	0,0	181	NaN	181	1,5	
182	4,3E+2	182	7,6E+7	182	0,0	182	0,1	182	0,2	182	0,8	182	1,5	182	1,3	182	3,8	182	0,5	182	0,1	182	0,0	182	0,1	182	1,4	182	0,0	182	0,0	182	0,0	182	0,3	182	0,1	182	0,3	182	0,0	182	0,0	182	0,1	182	0,0	182	0,0	182	0,0	182	0,0	182	0,0	182	NaN	182	1,9	
183	4,1E+2	183	7,6E+7	183	0,0	183	0,1	183	0,2	183	0,8	183	1,6	183	1,1	183	3,5	183	0,4	183	0,1	183	0,1	183	0,1	183	1,1	183	0,0	183	0,0	183	0,0	183	0,4	183	0,1	183	0,3	183	0,0	183	0,0	183	0,0	183	0,0	183	0,0	183	0,0	183	0,0	183	0,0	183	NaN	183	1,9	
184	4,1E+2	184	7,7E+7	184	0,0	184	0,1	184	0,2	184	0,8	184	1,7	184	1,2	184	3,0	184	0,3	184	0,1	184	0,1	184	0,1	184	1,1	184	0,0	184	0,0	184	0,0	184	0,4	184	0,1	184	0,3	184	0,1	184	0,0	184	0,0	184	0,0	184	0,0	184	0,0	184	0,0	184	0,0	184	NaN	184	1,7	
185	4,1E+2	185	7,7E+7	185	0,0	185	0,1	185	0,2	185	0,8	185	1,8	185	1,2	185	2,8	185	0,6	185	0,1	185	0,0	185	0,1	185	1,3	185	0,0	185	0,0	185	0,0	185	0,3	185	0,1	185	0,4	185	0,0	185	0,0	185	0,0	185	0,0	185	0,0	185	0,0	185	0,0	185	0,0	185	NaN	185	1,7	
186	4,1E+2	186	7,9E+7	186	0,0	186	0,1	186	0,2	186	0,8	186	1,7	186	1,1	186	3,3	186	0,4	186	0,1	186	0,0	186	0,1	186	1,2	186	0,0	186	0,0	186	0,0	186	0,2	186	0,1	186	0,2	186	0,0	186	0,0	186	0,0	186	0,0	186	0,0	186	0,0	186	0,0	186	0,0	186	NaN	186	1,7	
187	4,1E+2	187	7,8E+7	187	0,0	187	0,1	187	0,2	187	0,8	187	1,7	187	1,0	187	3,2	187	0,4	187	0,2	187	0,1	187	0,1	187	1,1	187	0,0	187	0,0	187	0,0	187	0,4	187	0,0	187	0,3	187	0,0	187	0,0	187	0,0	187	0,0	187	0,0	187	0,0	187	0,0	187	0,0	187	NaN	187	1,4	
188	4,2E+2	188	7,6E+7	188	0,0	188	0,1	188	0,2	188	0,8	188	1,7	188	0,9	188	3,0	188	0,4	188	0,2	188	0,0	188	0,1	188	1,1	188	0,0	188	0,0	188	0,0	188	0,3	188	0,1	188	0,3	188	0,0	188	0,0	188	0,1	188	0,0	188	0,0	188	0,0	188	0,0	188	0,0	188	NaN	188	1,7	
189	4,1E+2	189	7,6E+7	189	0,0	189	0,1	189	0,2	189	0,8	189	1,5	189	0,9	189	3,0	189	0,5	189	0,2	189	0,0	189	0,1	189	0,9	189	0,0	189	0,0	189	0,0	189	0,4	189	0,1	189	0,2	189	0,0	189	0,0	189	0,0	189	0,0	189	0,0	189	0,0	189	0,0	189	0,0	189	NaN	189	1,6	
190	4,1E+2	190	7,7E+7	190	0,0	190	0,1	190	0,2	190	0,8	190	1,7	190	1,0	190	2,6	190	0,5	190	0,1	190	0,1	190	0,2	190	1,2	190	0,0	190	0,0	190	0,0	190	0,5	190	0,0	190	0,3	190	0,1	190	0,0	190	0,0	190	0,0	190	0,0	190	0,0	190	0,0	190	0,0	190	NaN	190	1,5	
191	4,3E+2	191	7,5E+7	191	0,0	191	0,1	191	0,2	191	0,8	191	1,7	191	1,2	191	2,8	191	0,3	191	0,1	191	0,1	191	0,2	191	0,9	191	0,0	191	0,0	191	0,0	191	0,3	191	0,0	191	0,2	191	0,1	191	0,0	191	0,0	191	0,0	191	0,0	191	0,0	191	0,0	191	0,0	191	Inf	191	1,8	
192	4,2E+2	192	7,7E+7	192	0,0	192	0,1	192	0,2	192	0,8	192	1,4	192	0,9	192	2,5	192	0,4	192	0,1	192	0,1	192	0,1	192	1,0	192	0,0	192	0,0	192	0,0	192	0,2	192	0,0	192	0,3	192	0,0	192	0,0	192	0,1	192	0,0	192	0,0	192	0,0	192	0,0	192	0,0	192	NaN	192	1,5	
193	4,2E+2	193	7,6E+7	193	0,0	193	0,1	193	0,2	193	0,8	193	1,6	193	1,1	193	3,0	193	0,3	193	0,1	193	0,0	193	0,1	193	0,9	193	0,0	193	0,0	193	0,0	193	0,4	193	0,1	193	0,2	193	0,0	193	0,0	193	0,0	193	0,0	193	0,0	193	0,0	193	0,0	193	0,0	193	NaN	193	1,6	
194	4,3E+2	194	7,5E+7	194	0,0	194	0,1	194	0,2	194	0,8	194	1,6	194	1,3	194	2,6	194	0,4	194	0,1	194	0,0	194	0,1	194	0,9	194	0,0	194	0,0	194	0,0	194	0,3	194	0,1	194	0,3	194	0,0	194	0,0	194	0,0	194	0,0	194	0,0	194	0,0	194	0,0	194	0,0	194	NaN	194	1,8	
195	4,1E+2	195	7,7E+7	195	0,0	195	0,1	195	0,2	195	0,8	195	1,6	195	1,0	195	2,3	195	0,3	195	0,2	195	0,0	195	0,2	195	0,8	195	0,0	195	0,0	195	0,0	195	0,3	195	0,0	195	0,2	195	0,0	195	0,0	195	0,1	195	0,0	195	0,0	195	0,0	195	0,0	195	0,0	195	NaN	195	1,4	
196	4,2E+2	196	7,6E+7	196	0,0	196	0,1	196	0,2	196	0,8	196	1,7	196	1,2	196	2,4	196	0,5	196	0,2	196	0,0	196	0,1	196	0,9	196	0,0	196	0,0	196	0,0	196	0,3	196	0,0	196	0,2	196	0,0	196	0,0	196	0,1	196	0,0	196	0,0	196	0,0	196	0,0	196	0,0	196	NaN	196	1,9	
197	4,2E+2	197	7,7E+7	197	0,0	197	0,1	197	0,2	197	0,8	197	1,7	197	1,2	197	2,5	197	0,4	197	0,2	197	0,1	197	0,1	197	0,9	197	0,0	197	0,0	197	0,0	197	0,4	197	0,1	197	0,2	197	0,0	197	0,0	197	0,0	197	0,0	197	0,0	197	0,0	197	0,0	197	0,0	197	Inf	197	1,3	
198	3,9E+2	198	7,9E+7	198	0,0	198	0,1	198	0,2	198	0,8	198	1,4	198	1,0	198	2,2	198	0,3	198	0,1	198	0,1	198	0,1	198	0,8	198	0,0	198	0,0	198	0,0	198	0,2	198	0,0	198	0,2	198	0,0	198	0,0	198	0,1	198	0,0	198	0,0	198	0,0	198	0,0	198	0,0	198	Inf	198	1,3	
