Cycle - m/z 18.00 ch0	Amplitude - m/z 18.00 ch0	Cycle - m/z 21.00 ch1	Amplitude - m/z 21.00 ch1	Cycle - m/z 25.00 ch2	Amplitude - m/z 25.00 ch2	Cycle - m/z 30.00 ch3	Amplitude - m/z 30.00 ch3	Cycle - m/z 32.00 ch4	Amplitude - m/z 32.00 ch4	Cycle - m/z 37.00 ch5	Amplitude - m/z 37.00 ch5	Cycle - m/z 59.00 ch6	Amplitude - m/z 59.00 ch6	Cycle - m/z 107.00 ch7	Amplitude - m/z 107.00 ch7	Cycle - m/z 137.00 ch8	Amplitude - m/z 137.00 ch8	Cycle - m/z 121.00 ch9	Amplitude - m/z 121.00 ch9	Cycle - m/z 123.00 ch10	Amplitude - m/z 123.00 ch10	Cycle - m/z 151.00 ch11	Amplitude - m/z 151.00 ch11	Cycle - m/z 153.00 ch12	Amplitude - m/z 153.00 ch12	Cycle - m/z 165.00 ch13	Amplitude - m/z 165.00 ch13	Cycle - m/z 213.00 ch14	Amplitude - m/z 213.00 ch14	Cycle - m/z 229.00 ch15	Amplitude - m/z 229.00 ch15	Cycle - m/z 271.00 ch16	Amplitude - m/z 271.00 ch16	Cycle - m/z 109.00 ch17	Amplitude - m/z 109.00 ch17	Cycle - m/z 131.00 ch18	Amplitude - m/z 131.00 ch18	Cycle - m/z 138.00 ch19	Amplitude - m/z 138.00 ch19	Cycle - m/z 167.00 ch20	Amplitude - m/z 167.00 ch20	Cycle - m/z 179.00 ch21	Amplitude - m/z 179.00 ch21	Cycle - m/z 181.00 ch22	Amplitude - m/z 181.00 ch22	Cycle - m/z 193.00 ch23	Amplitude - m/z 193.00 ch23	Cycle - m/z 205.00 ch24	Amplitude - m/z 205.00 ch24	Cycle - m/z 285.00 ch25	Amplitude - m/z 285.00 ch25	Cycle - m/z 295.00 ch26	Amplitude - m/z 295.00 ch26	Cycle - m/z 299.00 ch27	Amplitude - m/z 299.00 ch27	Cycle - m/z 327.00 ch28	Amplitude - m/z 327.00 ch28	Cycle - m/z 59.00 ch29	Amplitude - m/z 59.00 ch29	
0	1,8E+5	0	3,8E+4	0	0,0	0	1,7E+4	0	4,7E+4	0	2,3E+5	0	4,4E+2	0	100,0	0	45,0	0	1,2E+2	0	70,0	0	15,0	0	30,0	0	5,0	0	10,0	0	0,0	0	0,0	0	1,1E+2	0	15,0	0	0,0	0	20,0	0	5,0	0	15,0	0	0,0	0	0,0	0	5,0	0	0,0	0	0,0	0	0,0	0	5,3E+2	
1	1,8E+5	1	4,0E+4	1	0,0	1	1,8E+4	1	4,9E+4	1	2,2E+5	1	5,5E+2	1	85,0	1	45,0	1	80,0	1	35,0	1	5,0	1	75,0	1	20,0	1	0,0	1	5,0	1	0,0	1	1,3E+2	1	25,0	1	0,0	1	10,0	1	10,0	1	15,0	1	10,0	1	0,0	1	0,0	1	0,0	1	0,0	1	0,0	1	5,5E+2	
2	1,8E+5	2	3,8E+4	2	0,0	2	1,7E+4	2	4,8E+4	2	2,3E+5	2	5,5E+2	2	80,0	2	55,0	2	50,0	2	45,0	2	0,0	2	25,0	2	15,0	2	0,0	2	5,0	2	0,0	2	1,3E+2	2	25,0	2	10,0	2	0,0	2	10,0	2	0,0	2	0,0	2	0,0	2	0,0	2	0,0	2	0,0	2	0,0	2	5,0E+2	
3	1,8E+5	3	3,8E+4	3	0,0	3	1,7E+4	3	4,6E+4	3	2,2E+5	3	4,8E+2	3	100,0	3	45,0	3	55,0	3	50,0	3	25,0	3	20,0	3	5,0	3	10,0	3	0,0	3	0,0	3	1,0E+2	3	35,0	3	5,0	3	10,0	3	10,0	3	0,0	3	0,0	3	0,0	3	0,0	3	0,0	3	0,0	3	0,0	3	5,3E+2	
4	1,8E+5	4	3,9E+4	4	0,0	4	1,6E+4	4	4,7E+4	4	2,3E+5	4	4,6E+2	4	1,3E+2	4	40,0	4	40,0	4	65,0	4	5,0	4	55,0	4	0,0	4	0,0	4	0,0	4	0,0	4	1,9E+2	4	55,0	4	10,0	4	0,0	4	15,0	4	0,0	4	0,0	4	0,0	4	0,0	4	0,0	4	0,0	4	0,0	4	4,9E+2	
5	1,8E+5	5	3,9E+4	5	0,0	5	1,6E+4	5	4,9E+4	5	2,3E+5	5	5,2E+2	5	80,0	5	25,0	5	55,0	5	65,0	5	15,0	5	55,0	5	5,0	5	5,0	5	0,0	5	0,0	5	1,1E+2	5	25,0	5	15,0	5	15,0	5	10,0	5	0,0	5	0,0	5	0,0	5	0,0	5	0,0	5	0,0	5	0,0	5	5,0E+2	
6	1,7E+5	6	3,9E+4	6	0,0	6	1,6E+4	6	4,6E+4	6	2,3E+5	6	5,6E+2	6	75,0	6	80,0	6	60,0	6	65,0	6	10,0	6	75,0	6	10,0	6	5,0	6	0,0	6	0,0	6	1,5E+2	6	20,0	6	15,0	6	15,0	6	10,0	6	10,0	6	5,0	6	0,0	6	0,0	6	0,0	6	0,0	6	0,0	6	5,6E+2	
7	1,2E+3	7	6,8E+7	7	0,0	7	0,1	7	0,2	7	0,9	7	2,2	7	0,3	7	0,1	7	0,2	7	0,2	7	0,0	7	0,1	7	0,0	7	0,0	7	0,0	7	0,0	7	0,6	7	0,1	7	0,0	7	0,0	7	0,0	7	0,0	7	0,0	7	0,0	7	0,0	7	0,0	7	0,0	7	NaN	7	2,5	
8	1,3E+3	8	6,7E+7	8	0,0	8	0,1	8	0,2	8	1,0	8	2,5	8	0,4	8	0,1	8	0,2	8	0,1	8	0,1	8	0,1	8	0,1	8	0,0	8	0,0	8	0,0	8	0,4	8	0,1	8	0,0	8	0,0	8	0,0	8	0,0	8	0,0	8	0,0	8	0,0	8	0,0	8	0,0	8	NaN	8	2,5	
9	1,2E+3	9	6,8E+7	9	0,0	9	0,1	9	0,2	9	0,9	9	3,0	9	0,3	9	0,2	9	0,2	9	0,1	9	0,1	9	0,1	9	0,0	9	0,0	9	0,0	9	0,0	9	0,3	9	0,1	9	0,0	9	0,0	9	0,0	9	0,0	9	0,0	9	0,0	9	0,0	9	0,0	9	0,0	9	NaN	9	2,4	
10	1,2E+3	10	6,8E+7	10	0,0	10	0,1	10	0,2	10	0,9	10	2,0	10	0,2	10	0,2	10	0,2	10	0,2	10	0,1	10	0,1	10	0,0	10	0,0	10	0,0	10	0,0	10	0,4	10	0,2	10	0,0	10	0,0	10	0,0	10	0,0	10	0,0	10	0,0	10	0,0	10	0,0	10	0,0	10	NaN	10	2,5	
11	1,2E+3	11	6,9E+7	11	0,0	11	0,1	11	0,2	11	0,9	11	2,4	11	0,3	11	0,1	11	0,2	11	0,2	11	0,0	11	0,1	11	0,0	11	0,0	11	0,0	11	0,0	11	0,5	11	0,2	11	0,0	11	0,0	11	0,0	11	0,0	11	0,0	11	0,0	11	0,0	11	0,0	11	0,0	11	NaN	11	2,5	
12	1,2E+3	12	6,8E+7	12	0,0	12	0,1	12	0,2	12	0,9	12	2,4	12	0,4	12	0,1	12	0,3	12	0,2	12	0,1	12	0,1	12	0,0	12	0,0	12	0,0	12	0,0	12	0,4	12	0,1	12	0,0	12	0,1	12	0,0	12	0,0	12	0,0	12	0,0	12	0,0	12	0,0	12	0,0	12	NaN	12	2,7	
13	1,2E+3	13	6,9E+7	13	0,0	13	0,1	13	0,2	13	0,9	13	2,1	13	0,3	13	0,1	13	0,2	13	0,2	13	0,0	13	0,2	13	0,0	13	0,0	13	0,0	13	0,0	13	0,4	13	0,1	13	0,0	13	0,0	13	0,0	13	0,0	13	0,0	13	0,0	13	0,0	13	0,0	13	0,0	13	Inf	13	2,2	
14	1,2E+3	14	6,8E+7	14	0,0	14	0,1	14	0,2	14	0,9	14	2,6	14	0,2	14	0,1	14	0,3	14	0,2	14	0,0	14	0,1	14	0,0	14	0,0	14	0,0	14	0,0	14	0,5	14	0,1	14	0,0	14	0,0	14	0,0	14	0,0	14	0,0	14	0,0	14	0,0	14	0,0	14	0,0	14	NaN	14	2,6	
15	1,2E+3	15	6,9E+7	15	0,0	15	0,1	15	0,2	15	0,9	15	2,0	15	0,3	15	0,1	15	0,2	15	0,1	15	0,0	15	0,1	15	0,0	15	0,0	15	0,0	15	0,0	15	0,5	15	0,1	15	0,0	15	0,0	15	0,0	15	0,0	15	0,0	15	0,0	15	0,0	15	0,0	15	0,0	15	NaN	15	2,4	
16	1,2E+3	16	6,9E+7	16	0,0	16	0,1	16	0,2	16	0,9	16	2,6	16	0,3	16	0,2	16	0,2	16	0,1	16	0,1	16	0,1	16	0,0	16	0,0	16	0,0	16	0,0	16	0,5	16	0,1	16	0,0	16	0,0	16	0,0	16	0,0	16	0,0	16	0,0	16	0,0	16	0,0	16	0,0	16	NaN	16	2,1	
17	1,2E+3	17	7,0E+7	17	0,0	17	0,1	17	0,2	17	0,9	17	2,5	17	0,4	17	0,1	17	0,2	17	0,1	17	0,1	17	0,2	17	0,0	17	0,0	17	0,0	17	0,0	17	0,4	17	0,1	17	0,0	17	0,0	17	0,0	17	0,0	17	0,0	17	0,0	17	0,0	17	0,0	17	0,0	17	NaN	17	2,4	
18	1,1E+3	18	7,0E+7	18	0,0	18	0,1	18	0,2	18	0,9	18	2,4	18	0,2	18	0,1	18	0,2	18	0,1	18	0,1	18	0,1	18	0,0	18	0,0	18	0,0	18	0,0	18	0,4	18	0,1	18	0,0	18	0,0	18	0,0	18	0,0	18	0,0	18	0,0	18	0,0	18	0,0	18	0,0	18	NaN	18	2,4	
19	1,1E+3	19	7,1E+7	19	0,0	19	0,1	19	0,2	19	0,9	19	2,5	19	0,3	19	0,2	19	0,2	19	0,2	19	0,0	19	0,1	19	0,0	19	0,0	19	0,0	19	0,0	19	0,3	19	0,1	19	0,0	19	0,0	19	0,0	19	0,0	19	0,0	19	0,0	19	0,0	19	0,0	19	0,0	19	NaN	19	2,6	
20	1,1E+3	20	7,0E+7	20	0,0	20	0,1	20	0,2	20	0,9	20	2,2	20	0,2	20	0,1	20	0,3	20	0,1	20	0,0	20	0,1	20	0,0	20	0,0	20	0,0	20	0,0	20	0,5	20	0,1	20	0,0	20	0,0	20	0,0	20	0,0	20	0,0	20	0,0	20	0,0	20	0,0	20	0,0	20	NaN	20	2,2	
21	1,1E+3	21	7,0E+7	21	0,0	21	0,1	21	0,2	21	0,9	21	2,1	21	0,3	21	0,2	21	0,3	21	0,2	21	0,0	21	0,2	21	0,0	21	0,0	21	0,0	21	0,0	21	0,4	21	0,2	21	0,0	21	0,0	21	0,0	21	0,0	21	0,0	21	0,0	21	0,0	21	0,0	21	0,0	21	NaN	21	2,8	
22	1,1E+3	22	7,1E+7	22	0,0	22	0,1	22	0,2	22	0,9	22	2,3	22	0,3	22	0,1	22	0,2	22	0,1	22	0,0	22	0,1	22	0,0	22	0,0	22	0,0	22	0,0	22	0,4	22	0,1	22	0,0	22	0,0	22	0,0	22	0,0	22	0,0	22	0,0	22	0,0	22	0,0	22	0,0	22	NaN	22	2,2	
23	1,1E+3	23	7,0E+7	23	0,0	23	0,1	23	0,2	23	0,9	23	2,4	23	0,3	23	0,2	23	0,1	23	0,1	23	0,1	23	0,1	23	0,0	23	0,0	23	0,0	23	0,0	23	0,4	23	0,1	23	0,0	23	0,0	23	0,0	23	0,0	23	0,0	23	0,0	23	0,0	23	0,0	23	0,0	23	NaN	23	2,3	
24	1,1E+3	24	7,1E+7	24	0,0	24	0,1	24	0,2	24	0,9	24	2,0	24	0,3	24	0,2	24	0,3	24	0,1	24	0,1	24	0,1	24	0,0	24	0,0	24	0,0	24	0,0	24	0,4	24	0,1	24	0,0	24	0,1	24	0,0	24	0,0	24	0,0	24	0,0	24	0,0	24	0,0	24	0,0	24	NaN	24	5,6	
25	1,0E+3	25	7,5E+7	25	0,0	25	0,1	25	0,2	25	1,3	25	3,9	25	2,3	25	51,4	25	0,4	25	0,3	25	0,1	25	0,3	25	0,1	25	0,0	25	0,0	25	0,0	25	0,7	25	0,1	25	2,9	25	0,1	25	0,0	25	0,0	25	0,0	25	0,0	25	0,0	25	0,0	25	0,0	25	NaN	25	2,5	
26	1,1E+3	26	7,2E+7	26	0,0	26	0,1	26	0,2	26	1,0	26	2,4	26	1,5	26	29,2	26	0,2	26	0,2	26	0,0	26	0,2	26	1,0	26	0,0	26	0,0	26	0,0	26	0,5	26	0,0	26	2,8	26	0,1	26	0,0	26	0,0	26	0,0	26	0,0	26	0,0	26	0,0	26	0,0	26	NaN	26	2,5	
27	1,0E+3	27	7,2E+7	27	0,0	27	0,1	27	0,2	27	1,0	27	2,4	27	1,4	27	26,9	27	0,2	27	0,2	27	0,0	27	0,2	27	1,5	27	0,0	27	0,0	27	0,0	27	0,6	27	0,0	27	2,4	27	0,1	27	0,0	27	0,0	27	0,0	27	0,0	27	0,0	27	0,0	27	0,0	27	Inf	27	2,4	
28	1,1E+3	28	7,1E+7	28	0,0	28	0,1	28	0,2	28	1,0	28	2,7	28	1,4	28	25,8	28	0,2	28	0,2	28	0,1	28	0,1	28	2,1	28	0,0	28	0,0	28	0,0	28	0,6	28	0,2	28	2,3	28	0,1	28	0,0	28	0,0	28	0,0	28	0,0	28	0,0	28	0,0	28	0,0	28	NaN	28	2,4	
29	1,0E+3	29	7,3E+7	29	0,0	29	0,1	29	0,2	29	1,0	29	2,3	29	1,2	29	24,2	29	0,2	29	0,2	29	0,1	29	0,2	29	2,3	29	0,0	29	0,0	29	0,0	29	0,7	29	0,1	29	2,0	29	0,1	29	0,0	29	0,0	29	0,0	29	0,0	29	0,0	29	0,0	29	0,0	29	NaN	29	2,3	
30	1,1E+3	30	7,0E+7	30	0,0	30	0,1	30	0,2	30	1,0	30	2,4	30	1,0	30	24,4	30	0,3	30	0,2	30	0,1	30	0,2	30	2,2	30	0,0	30	0,0	30	0,0	30	0,6	30	0,0	30	1,9	30	0,1	30	0,0	30	0,0	30	0,0	30	0,0	30	0,0	30	0,0	30	0,0	30	NaN	30	2,2	
31	1,0E+3	31	7,2E+7	31	0,0	31	0,1	31	0,2	31	1,0	31	2,5	31	1,3	31	23,7	31	0,2	31	0,2	31	0,0	31	0,2	31	2,5	31	0,0	31	0,0	31	0,0	31	0,6	31	0,1	31	2,1	31	0,1	31	0,0	31	0,0	31	0,0	31	0,0	31	0,0	31	0,0	31	0,0	31	NaN	31	3,0	
32	1,0E+3	32	7,1E+7	32	0,0	32	0,1	32	0,2	32	1,0	32	2,4	32	1,2	32	23,3	32	0,2	32	0,2	32	0,1	32	0,2	32	2,5	32	0,0	32	0,0	32	0,0	32	0,6	32	0,1	32	1,9	32	0,1	32	0,0	32	0,0	32	0,0	32	0,0	32	0,0	32	0,0	32	0,0	32	NaN	32	2,4	
33	9,8E+2	33	7,3E+7	33	0,0	33	0,1	33	0,2	33	0,9	33	2,5	33	1,0	33	23,4	33	0,2	33	0,2	33	0,1	33	0,2	33	2,3	33	0,0	33	0,0	33	0,0	33	0,5	33	0,1	33	2,2	33	0,1	33	0,0	33	0,0	33	0,0	33	0,0	33	0,0	33	0,0	33	0,0	33	NaN	33	2,7	
34	9,6E+2	34	7,4E+7	34	0,0	34	0,1	34	0,2	34	0,9	34	2,3	34	1,0	34	20,6	34	0,2	34	0,2	34	0,1	34	0,2	34	2,5	34	0,0	34	0,0	34	0,0	34	0,5	34	0,1	34	1,9	34	0,1	34	0,0	34	0,0	34	0,0	34	0,0	34	0,0	34	0,0	34	0,0	34	NaN	34	2,2	
35	9,9E+2	35	7,2E+7	35	0,0	35	0,1	35	0,2	35	1,0	35	2,3	35	1,3	35	20,5	35	0,2	35	0,1	35	0,2	35	0,1	35	2,6	35	0,0	35	0,0	35	0,0	35	0,6	35	0,1	35	2,0	35	0,1	35	0,0	35	0,0	35	0,0	35	0,0	35	0,0	35	0,0	35	0,0	35	NaN	35	2,5	
36	9,6E+2	36	7,2E+7	36	0,0	36	0,1	36	0,2	36	1,0	36	2,6	36	1,3	36	19,6	36	0,2	36	0,3	36	0,1	36	0,1	36	2,6	36	0,0	36	0,0	36	0,0	36	0,5	36	0,1	36	1,8	36	0,1	36	0,0	36	0,1	36	0,0	36	0,0	36	0,0	36	0,0	36	0,0	36	NaN	36	2,3	
37	9,7E+2	37	7,2E+7	37	0,0	37	0,1	37	0,2	37	1,0	37	2,6	37	1,2	37	21,0	37	0,2	37	0,2	37	0,1	37	0,1	37	2,8	37	0,0	37	0,0	37	0,0	37	0,5	37	0,1	37	1,8	37	0,0	37	0,0	37	0,0	37	0,0	37	0,0	37	0,0	37	0,0	37	0,0	37	NaN	37	2,6	
38	9,5E+2	38	7,3E+7	38	0,0	38	0,1	38	0,2	38	1,0	38	2,7	38	1,1	38	20,2	38	0,2	38	0,2	38	0,1	38	0,3	38	2,9	38	0,0	38	0,0	38	0,0	38	0,6	38	0,1	38	1,8	38	0,1	38	0,0	38	0,1	38	0,0	38	0,0	38	0,0	38	0,0	38	0,0	38	Inf	38	2,1	
39	9,6E+2	39	7,2E+7	39	0,0	39	0,1	39	0,2	39	1,0	39	2,4	39	1,1	39	20,6	39	0,2	39	0,0	39	0,0	39	0,2	39	2,6	39	0,0	39	0,0	39	0,0	39	0,6	39	0,1	39	1,7	39	0,0	39	0,0	39	0,0	39	0,1	39	0,0	39	0,0	39	0,0	39	0,0	39	NaN	39	2,3	
40	9,5E+2	40	7,1E+7	40	0,0	40	0,1	40	0,2	40	1,0	40	2,7	40	1,3	40	20,0	40	0,2	40	0,2	40	0,1	40	0,2	40	3,0	40	0,0	40	0,0	40	0,0	40	0,6	40	0,1	40	1,9	40	0,1	40	0,0	40	0,1	40	0,0	40	0,0	40	0,0	40	0,0	40	0,0	40	NaN	40	2,1	
41	9,3E+2	41	7,3E+7	41	0,0	41	0,1	41	0,2	41	1,0	41	2,3	41	1,2	41	19,7	41	0,2	41	0,2	41	0,1	41	0,1	41	2,6	41	0,0	41	0,0	41	0,0	41	0,7	41	0,1	41	1,5	41	0,1	41	0,0	41	0,0	41	0,0	41	0,0	41	0,0	41	0,0	41	0,0	41	NaN	41	2,2	
42	9,0E+2	42	7,5E+7	42	0,0	42	0,1	42	0,2	42	0,9	42	2,0	42	1,0	42	18,3	42	0,2	42	0,2	42	0,2	42	0,2	42	2,6	42	0,0	42	0,0	42	0,0	42	0,5	42	0,1	42	1,7	42	0,1	42	0,0	42	0,0	42	0,0	42	0,0	42	0,0	42	0,0	42	0,0	42	NaN	42	2,2	
43	9,2E+2	43	7,2E+7	43	0,0	43	0,1	43	0,2	43	1,0	43	2,5	43	1,4	43	19,3	43	0,2	43	0,3	43	0,1	43	0,1	43	3,0	43	0,0	43	0,0	43	0,0	43	0,5	43	0,1	43	1,5	43	0,1	43	0,0	43	0,0	43	0,0	43	0,0	43	0,0	43	0,0	43	0,0	43	NaN	43	2,4	
44	9,0E+2	44	7,3E+7	44	0,0	44	0,1	44	0,2	44	1,0	44	2,4	44	1,1	44	18,4	44	0,3	44	0,1	44	0,1	44	0,2	44	2,8	44	0,0	44	0,0	44	0,0	44	0,7	44	0,1	44	1,7	44	0,0	44	0,1	44	0,0	44	0,0	44	0,0	44	0,0	44	0,0	44	0,0	44	NaN	44	2,1	
45	8,8E+2	45	7,5E+7	45	0,0	45	0,1	45	0,2	45	0,9	45	2,1	45	1,2	45	17,7	45	0,2	45	0,1	45	0,0	45	0,1	45	2,4	45	0,0	45	0,0	45	0,0	45	0,4	45	0,1	45	1,4	45	0,1	45	0,0	45	0,0	45	0,0	45	0,0	45	0,0	45	0,0	45	0,0	45	NaN	45	2,3	
46	9,0E+2	46	7,3E+7	46	0,0	46	0,1	46	0,2	46	1,0	46	2,3	46	1,1	46	18,1	46	0,2	46	0,2	46	0,1	46	0,2	46	2,8	46	0,0	46	0,0	46	0,0	46	0,5	46	0,2	46	1,7	46	0,1	46	0,0	46	0,1	46	0,0	46	0,0	46	0,0	46	0,0	46	0,0	46	NaN	46	2,5	
47	8,6E+2	47	7,4E+7	47	0,0	47	0,1	47	0,2	47	0,9	47	2,0	47	0,9	47	17,1	47	0,2	47	0,2	47	0,1	47	0,1	47	2,5	47	0,0	47	0,0	47	0,0	47	0,6	47	0,1	47	1,5	47	0,0	47	0,0	47	0,0	47	0,0	47	0,0	47	0,0	47	0,0	47	0,0	47	NaN	47	2,6	
48	8,9E+2	48	7,3E+7	48	0,0	48	0,1	48	0,2	48	0,9	48	2,3	48	1,1	48	18,3	48	0,2	48	0,1	48	0,0	48	0,2	48	2,7	48	0,0	48	0,0	48	0,0	48	0,6	48	0,1	48	1,7	48	0,1	48	0,0	48	0,1	48	0,0	48	0,0	48	0,0	48	0,0	48	0,0	48	NaN	48	2,1	
49	8,7E+2	49	7,5E+7	49	0,0	49	0,1	49	0,2	49	0,9	49	2,8	49	1,1	49	15,0	49	0,2	49	0,2	49	0,1	49	0,1	49	2,3	49	0,0	49	0,0	49	0,0	49	0,7	49	0,1	49	1,7	49	0,1	49	0,0	49	0,1	49	0,0	49	0,0	49	0,0	49	0,0	49	0,0	49	NaN	49	8,7	
50	8,8E+2	50	7,5E+7	50	0,0	50	0,1	50	0,2	50	1,3	50	4,8	50	3,3	50	37,1	50	0,4	50	0,2	50	0,0	50	0,3	50	2,7	50	0,0	50	0,0	50	0,0	50	0,7	50	0,1	50	2,5	50	0,1	50	0,0	50	0,0	50	0,0	50	0,0	50	0,0	50	0,0	50	0,0	50	NaN	50	2,2	
51	8,7E+2	51	7,4E+7	51	0,0	51	0,1	51	0,2	51	1,1	51	1,7	51	2,2	51	32,7	51	0,3	51	0,1	51	0,0	51	0,2	51	1,9	51	0,0	51	0,0	51	0,0	51	0,6	51	0,1	51	2,1	51	0,1	51	0,0	51	0,0	51	0,0	51	0,0	51	0,0	51	0,0	51	0,0	51	NaN	51	2,4	
52	8,5E+2	52	7,3E+7	52	0,0	52	0,1	52	0,2	52	1,0	52	2,1	52	2,1	52	32,7	52	0,4	52	0,1	52	0,1	52	0,2	52	2,1	52	0,0	52	0,0	52	0,0	52	0,8	52	0,1	52	3,1	52	0,1	52	0,0	52	0,1	52	0,0	52	0,0	52	0,0	52	0,0	52	0,0	52	NaN	52	2,2	
53	8,8E+2	53	7,1E+7	53	0,0	53	0,1	53	0,2	53	1,1	53	2,2	53	2,1	53	30,7	53	0,4	53	0,3	53	0,1	53	0,2	53	2,5	53	0,0	53	0,0	53	0,0	53	0,6	53	0,1	53	2,9	53	0,0	53	0,0	53	0,0	53	0,0	53	0,1	53	0,0	53	0,0	53	0,0	53	NaN	53	2,5	
54	8,2E+2	54	7,6E+7	54	0,0	54	0,1	54	0,2	54	1,0	54	2,3	54	2,0	54	31,1	54	0,4	54	0,2	54	0,0	54	0,2	54	2,2	54	0,0	54	0,0	54	0,0	54	0,5	54	0,1	54	2,9	54	0,1	54	0,0	54	0,0	54	0,0	54	0,0	54	0,0	54	0,0	54	0,0	54	NaN	54	2,2	
55	8,3E+2	55	7,4E+7	55	0,0	55	0,1	55	0,2	55	1,0	55	2,4	55	2,3	55	31,7	55	0,3	55	0,2	55	0,1	55	0,3	55	2,0	55	0,0	55	0,0	55	0,0	55	0,7	55	0,0	55	2,9	55	0,1	55	0,1	55	0,1	55	0,0	55	0,0	55	0,0	55	0,0	55	0,0	55	NaN	55	2,4	
56	8,2E+2	56	7,6E+7	56	0,0	56	0,1	56	0,2	56	1,0	56	2,6	56	2,1	56	30,6	56	0,3	56	0,1	56	0,2	56	0,2	56	1,9	56	0,0	56	0,0	56	0,0	56	0,6	56	0,0	56	2,8	56	0,1	56	0,0	56	0,0	56	0,0	56	0,0	56	0,0	56	0,0	56	0,0	56	NaN	56	2,3	
57	8,2E+2	57	7,5E+7	57	0,0	57	0,1	57	0,2	57	1,0	57	2,5	57	2,2	57	28,7	57	0,3	57	0,1	57	0,1	57	0,2	57	2,2	57	0,0	57	0,0	57	0,0	57	0,5	57	0,0	57	2,2	57	0,1	57	0,0	57	0,1	57	0,0	57	0,0	57	0,0	57	0,0	57	0,0	57	NaN	57	2,4	
58	8,4E+2	58	7,4E+7	58	0,0	58	0,1	58	0,2	58	1,0	58	2,5	58	2,2	58	29,0	58	0,3	58	0,1	58	0,0	58	0,1	58	2,3	58	0,0	58	0,0	58	0,0	58	0,5	58	0,1	58	2,7	58	0,1	58	0,0	58	0,1	58	0,0	58	0,0	58	0,0	58	0,0	58	0,0	58	NaN	58	2,8	
59	8,2E+2	59	7,5E+7	59	0,0	59	0,1	59	0,2	59	1,0	59	2,3	59	2,1	59	27,7	59	0,3	59	0,1	59	0,0	59	0,2	59	2,1	59	0,0	59	0,0	59	0,0	59	0,6	59	0,1	59	2,6	59	0,1	59	0,0	59	0,0	59	0,0	59	0,0	59	0,0	59	0,0	59	0,0	59	NaN	59	2,5	
60	7,8E+2	60	7,6E+7	60	0,0	60	0,1	60	0,2	60	1,0	60	2,6	60	2,3	60	28,1	60	0,2	60	0,2	60	0,0	60	0,3	60	2,0	60	0,0	60	0,0	60	0,0	60	0,6	60	0,1	60	2,4	60	0,1	60	0,1	60	0,0	60	0,0	60	0,0	60	0,0	60	0,0	60	0,0	60	NaN	60	2,5	
61	8,1E+2	61	7,4E+7	61	0,0	61	0,1	61	0,2	61	1,0	61	2,6	61	2,3	61	27,1	61	0,4	61	0,1	61	0,1	61	0,2	61	2,2	61	0,0	61	0,0	61	0,0	61	0,5	61	0,1	61	3,0	61	0,1	61	0,0	61	0,0	61	0,0	61	0,0	61	0,0	61	0,0	61	0,0	61	NaN	61	2,3	
62	7,8E+2	62	7,6E+7	62	0,0	62	0,1	62	0,2	62	1,0	62	2,2	62	2,2	62	24,8	62	0,3	62	0,2	62	0,1	62	0,2	62	2,0	62	0,0	62	0,0	62	0,0	62	0,4	62	0,1	62	2,5	62	0,1	62	0,0	62	0,0	62	0,0	62	0,0	62	0,0	62	0,0	62	0,0	62	NaN	62	2,5	
63	8,0E+2	63	7,4E+7	63	0,0	63	0,1	63	0,2	63	1,0	63	2,5	63	2,4	63	31,9	63	0,3	63	0,1	63	0,1	63	0,1	63	2,4	63	0,0	63	0,0	63	0,0	63	0,5	63	0,1	63	1,7	63	0,1	63	0,0	63	0,0	63	0,0	63	0,0	63	0,0	63	0,0	63	0,0	63	NaN	63	2,0	
64	7,8E+2	64	7,6E+7	64	0,0	64	0,1	64	0,2	64	1,0	64	2,0	64	1,9	64	20,7	64	0,3	64	0,2	64	0,1	64	0,1	64	2,1	64	0,0	64	0,0	64	0,0	64	0,6	64	0,1	64	2,5	64	0,1	64	0,0	64	0,0	64	0,0	64	0,0	64	0,0	64	0,0	64	0,0	64	Inf	64	2,2	
65	8,0E+2	65	7,3E+7	65	0,0	65	0,1	65	0,2	65	1,0	65	2,0	65	2,5	65	26,8	65	0,2	65	0,2	65	0,1	65	0,2	65	2,0	65	0,0	65	0,0	65	0,0	65	0,5	65	0,1	65	2,5	65	0,0	65	0,0	65	0,1	65	0,0	65	0,0	65	0,0	65	0,0	65	0,0	65	NaN	65	2,4	
66	7,5E+2	66	7,6E+7	66	0,0	66	0,1	66	0,2	66	1,0	66	2,3	66	2,2	66	24,6	66	0,3	66	0,2	66	0,1	66	0,2	66	2,2	66	0,0	66	0,0	66	0,0	66	0,5	66	0,1	66	2,6	66	0,0	66	0,0	66	0,0	66	0,0	66	0,0	66	0,0	66	0,0	66	0,0	66	NaN	66	2,5	
67	7,4E+2	67	7,7E+7	67	0,0	67	0,1	67	0,2	67	0,9	67	2,0	67	1,9	67	22,5	67	0,3	67	0,2	67	0,1	67	0,2	67	2,1	67	0,0	67	0,0	67	0,0	67	0,6	67	0,1	67	2,1	67	0,1	67	0,0	67	0,0	67	0,0	67	0,0	67	0,0	67	0,0	67	0,0	67	NaN	67	2,0	
68	7,5E+2	68	7,6E+7	68	0,0	68	0,1	68	0,2	68	1,0	68	2,4	68	1,9	68	22,1	68	0,2	68	0,2	68	0,0	68	0,2	68	2,0	68	0,0	68	0,0	68	0,0	68	0,5	68	0,1	68	2,0	68	0,1	68	0,0	68	0,0	68	0,0	68	0,0	68	0,0	68	0,0	68	0,0	68	NaN	68	2,2	
69	7,7E+2	69	7,4E+7	69	0,0	69	0,1	69	0,2	69	1,0	69	2,3	69	1,7	69	21,3	69	0,2	69	0,3	69	0,0	69	0,2	69	2,1	69	0,0	69	0,0	69	0,0	69	0,6	69	0,1	69	2,1	69	0,1	69	0,0	69	0,1	69	0,0	69	0,0	69	0,0	69	0,0	69	0,0	69	NaN	69	2,1	
70	7,1E+2	70	7,9E+7	70	0,0	70	0,1	70	0,2	70	0,9	70	2,3	70	1,8	70	19,7	70	0,2	70	0,1	70	0,1	70	0,1	70	2,0	70	0,0	70	0,0	70	0,0	70	0,6	70	0,1	70	1,6	70	0,1	70	0,0	70	0,0	70	0,0	70	0,0	70	0,0	70	0,0	70	0,0	70	NaN	70	2,4	
71	7,6E+2	71	7,3E+7	71	0,0	71	0,1	71	0,2	71	1,0	71	2,7	71	2,2	71	23,6	71	0,3	71	0,2	71	0,0	71	0,2	71	2,2	71	0,0	71	0,0	71	0,0	71	0,6	71	0,1	71	2,2	71	0,0	71	0,0	71	0,0	71	0,0	71	0,1	71	0,0	71	0,0	71	0,0	71	NaN	71	2,3	
72	7,7E+2	72	7,3E+7	72	0,0	72	0,1	72	0,2	72	1,0	72	2,0	72	1,3	72	18,0	72	0,2	72	0,2	72	0,0	72	0,2	72	2,4	72	0,0	72	0,0	72	0,0	72	0,7	72	0,1	72	1,3	72	0,1	72	0,0	72	0,0	72	0,0	72	0,0	72	0,0	72	0,0	72	0,0	72	NaN	72	8,7	
73	7,6E+2	73	7,5E+7	73	0,0	73	0,1	73	0,2	73	1,8	73	9,7	73	37,7	73	1,7E+2	73	1,7	73	0,5	73	0,1	73	0,7	73	2,1	73	0,0	73	0,0	73	0,0	73	1,0	73	0,1	73	16,9	73	0,1	73	0,0	73	0,0	73	0,0	73	0,0	73	0,0	73	0,0	73	0,0	73	NaN	73	3,6	
74	7,4E+2	74	7,6E+7	74	0,0	74	0,1	74	0,2	74	1,3	74	3,2	74	22,9	74	1,8E+2	74	1,9	74	0,3	74	0,1	74	0,5	74	3,1	74	0,0	74	0,0	74	0,0	74	0,6	74	0,1	74	15,7	74	0,1	74	0,0	74	0,1	74	0,0	74	0,0	74	0,0	74	0,0	74	0,0	74	NaN	74	2,7	
75	7,3E+2	75	7,6E+7	75	0,0	75	0,1	75	0,2	75	1,2	75	2,4	75	20,9	75	1,7E+2	75	1,4	75	0,4	75	0,0	75	0,5	75	5,0	75	0,0	75	0,0	75	0,0	75	0,7	75	0,1	75	14,7	75	0,1	75	0,0	75	0,0	75	0,0	75	0,0	75	0,0	75	0,0	75	0,0	75	NaN	75	2,7	
76	7,4E+2	76	7,5E+7	76	0,0	76	0,1	76	0,2	76	1,2	76	2,9	76	20,1	76	1,6E+2	76	1,4	76	0,5	76	0,1	76	0,5	76	5,9	76	0,0	76	0,0	76	0,0	76	0,9	76	0,1	76	13,7	76	0,1	76	0,0	76	0,0	76	0,0	76	0,0	76	0,0	76	0,0	76	0,0	76	NaN	76	2,4	
77	7,2E+2	77	7,5E+7	77	0,0	77	0,1	77	0,2	77	1,1	77	2,3	77	18,8	77	1,5E+2	77	1,5	77	0,3	77	0,2	77	0,7	77	6,0	77	0,0	77	0,0	77	0,0	77	0,6	77	0,1	77	13,5	77	0,1	77	0,0	77	0,1	77	0,0	77	0,0	77	0,0	77	0,0	77	0,0	77	NaN	77	2,5	
78	7,1E+2	78	7,7E+7	78	0,0	78	0,1	78	0,2	78	1,1	78	2,7	78	17,7	78	1,4E+2	78	1,3	78	0,4	78	0,0	78	0,5	78	6,9	78	0,0	78	0,0	78	0,0	78	0,6	78	0,1	78	13,0	78	0,1	78	0,0	78	0,0	78	0,0	78	0,0	78	0,0	78	0,0	78	0,0	78	NaN	78	2,4	
79	7,1E+2	79	7,6E+7	79	0,0	79	0,1	79	0,2	79	1,1	79	2,7	79	17,3	79	1,4E+2	79	1,2	79	0,3	79	0,2	79	0,5	79	6,1	79	0,0	79	0,0	79	0,0	79	0,8	79	0,0	79	11,9	79	0,2	79	0,0	79	0,0	79	0,0	79	0,0	79	0,0	79	0,0	79	0,0	79	NaN	79	2,2	
80	6,9E+2	80	7,7E+7	80	0,0	80	0,1	80	0,2	80	1,1	80	2,1	80	17,9	80	1,3E+2	80	1,0	80	0,4	80	0,2	80	0,5	80	6,8	80	0,0	80	0,0	80	0,0	80	0,8	80	0,1	80	11,4	80	0,1	80	0,0	80	0,0	80	0,0	80	0,0	80	0,0	80	0,0	80	0,0	80	NaN	80	2,3	
81	7,1E+2	81	7,4E+7	81	0,0	81	0,1	81	0,2	81	1,1	81	2,6	81	17,6	81	1,3E+2	81	1,4	81	0,4	81	0,2	81	0,4	81	7,1	81	0,0	81	0,0	81	0,0	81	0,7	81	0,0	81	11,2	81	0,1	81	0,0	81	0,1	81	0,0	81	0,0	81	0,0	81	0,0	81	0,0	81	NaN	81	2,5	
82	7,1E+2	82	7,4E+7	82	0,0	82	0,1	82	0,2	82	1,1	82	2,1	82	16,6	82	1,3E+2	82	1,3	82	0,3	82	0,1	82	0,4	82	6,8	82	0,0	82	0,0	82	0,0	82	0,7	82	0,1	82	11,1	82	0,2	82	0,0	82	0,0	82	0,0	82	0,0	82	0,0	82	0,0	82	0,0	82	NaN	82	2,2	
83	7,0E+2	83	7,5E+7	83	0,0	83	0,1	83	0,2	83	1,1	83	2,8	83	16,8	83	1,2E+2	83	1,2	83	0,3	83	0,2	83	0,4	83	7,0	83	0,0	83	0,0	83	0,0	83	0,8	83	0,1	83	10,6	83	0,0	83	0,0	83	0,1	83	0,0	83	0,0	83	0,0	83	0,0	83	0,0	83	NaN	83	2,5	
84	7,0E+2	84	7,5E+7	84	0,0	84	0,1	84	0,2	84	1,1	84	2,5	84	16,4	84	1,2E+2	84	1,3	84	0,3	84	0,1	84	0,4	84	7,2	84	0,0	84	0,0	84	0,0	84	0,9	84	0,1	84	10,2	84	0,2	84	0,0	84	0,0	84	0,0	84	0,0	84	0,0	84	0,0	84	0,0	84	NaN	84	2,5	
85	6,8E+2	85	7,7E+7	85	0,0	85	0,1	85	0,2	85	1,1	85	2,2	85	15,4	85	1,1E+2	85	1,2	85	0,3	85	0,1	85	0,5	85	6,9	85	0,0	85	0,0	85	0,0	85	0,5	85	0,0	85	10,1	85	0,0	85	0,0	85	0,0	85	0,0	85	0,0	85	0,0	85	0,0	85	0,0	85	NaN	85	2,6	
86	6,9E+2	86	7,6E+7	86	0,0	86	0,1	86	0,2	86	1,0	86	2,3	86	16,5	86	1,1E+2	86	1,1	86	0,2	86	0,1	86	0,4	86	6,9	86	0,0	86	0,0	86	0,0	86	0,7	86	0,1	86	10,2	86	0,2	86	0,0	86	0,1	86	0,0	86	0,0	86	0,0	86	0,0	86	0,0	86	Inf	86	2,4	
87	7,0E+2	87	7,5E+7	87	0,0	87	0,1	87	0,2	87	1,1	87	3,0	87	15,5	87	1,1E+2	87	1,3	87	0,3	87	0,1	87	0,4	87	7,6	87	0,0	87	0,0	87	0,0	87	0,6	87	0,1	87	10,1	87	0,1	87	0,0	87	0,1	87	0,0	87	0,0	87	0,0	87	0,0	87	0,0	87	NaN	87	2,6	
88	6,8E+2	88	7,6E+7	88	0,0	88	0,1	88	0,2	88	1,1	88	2,2	88	16,0	88	1,1E+2	88	1,2	88	0,3	88	0,1	88	0,4	88	6,8	88	0,0	88	0,0	88	0,0	88	0,8	88	0,1	88	9,1	88	0,2	88	0,1	88	0,1	88	0,0	88	0,0	88	0,0	88	0,0	88	0,0	88	NaN	88	2,6	
89	6,9E+2	89	7,4E+7	89	0,0	89	0,1	89	0,2	89	1,1	89	2,3	89	15,8	89	1,0E+2	89	1,3	89	0,2	89	0,1	89	0,4	89	6,8	89	0,0	89	0,0	89	0,0	89	0,7	89	0,0	89	9,4	89	0,1	89	0,0	89	0,1	89	0,0	89	0,0	89	0,0	89	0,0	89	0,0	89	NaN	89	2,4	
90	6,8E+2	90	7,5E+7	90	0,0	90	0,1	90	0,2	90	1,1	90	2,5	90	16,0	90	1,0E+2	90	1,2	90	0,3	90	0,2	90	0,4	90	7,8	90	0,0	90	0,0	90	0,0	90	0,5	90	0,1	90	9,3	90	0,1	90	0,1	90	0,0	90	0,0	90	0,0	90	0,0	90	0,0	90	0,0	90	NaN	90	2,3	
91	6,7E+2	91	7,6E+7	91	0,0	91	0,1	91	0,2	91	1,1	91	2,6	91	14,8	91	1,0E+2	91	1,2	91	0,2	91	0,2	91	0,5	91	6,5	91	0,0	91	0,0	91	0,0	91	0,7	91	0,1	91	8,8	91	0,1	91	0,0	91	0,1	91	0,0	91	0,0	91	0,0	91	0,0	91	0,0	91	NaN	91	2,5	
92	6,7E+2	92	7,6E+7	92	0,0	92	0,1	92	0,2	92	1,0	92	2,1	92	15,2	92	96,4	92	1,3	92	0,3	92	0,1	92	0,3	92	6,9	92	0,0	92	0,0	92	0,0	92	0,8	92	0,1	92	8,5	92	0,2	92	0,1	92	0,1	92	0,0	92	0,0	92	0,0	92	0,0	92	0,0	92	NaN	92	2,4	
93	6,8E+2	93	7,5E+7	93	0,0	93	0,1	93	0,2	93	1,1	93	2,6	93	14,6	93	98,2	93	1,2	93	0,3	93	0,1	93	0,5	93	6,9	93	0,0	93	0,0	93	0,0	93	0,6	93	0,0	93	8,9	93	0,2	93	0,0	93	0,1	93	0,0	93	0,0	93	0,0	93	0,0	93	0,0	93	NaN	93	2,5	
94	6,5E+2	94	7,7E+7	94	0,0	94	0,1	94	0,2	94	1,0	94	2,5	94	14,7	94	95,7	94	1,1	94	0,3	94	0,2	94	0,3	94	7,4	94	0,0	94	0,0	94	0,0	94	0,5	94	0,0	94	8,4	94	0,1	94	0,0	94	0,1	94	0,0	94	0,0	94	0,0	94	0,0	94	0,0	94	NaN	94	2,4	
95	6,6E+2	95	7,4E+7	95	0,0	95	0,1	95	0,2	95	1,0	95	2,0	95	7,7	95	41,7	95	0,6	95	0,2	95	0,2	95	0,2	95	7,6	95	0,0	95	0,0	95	0,0	95	0,5	95	0,0	95	6,0	95	0,1	95	0,0	95	0,1	95	0,0	95	0,0	95	0,0	95	0,0	95	0,0	95	NaN	95	6,0	
96	6,5E+2	96	7,6E+7	96	0,0	96	0,1	96	0,2	96	1,1	96	3,9	96	10,5	96	1,3E+2	96	1,1	96	0,3	96	0,2	96	0,4	96	6,5	96	0,0	96	0,0	96	0,0	96	0,7	96	0,1	96	8,3	96	0,1	96	0,1	96	0,1	96	0,0	96	0,0	96	0,0	96	0,0	96	0,0	96	NaN	96	2,3	
97	6,6E+2	97	7,5E+7	97	0,0	97	0,1	97	0,2	97	1,0	97	2,3	97	6,9	97	88,9	97	0,7	97	0,3	97	0,1	97	0,3	97	4,3	97	0,0	97	0,0	97	0,0	97	0,5	97	0,1	97	7,4	97	0,1	97	0,0	97	0,1	97	0,0	97	0,0	97	0,0	97	0,0	97	0,0	97	NaN	97	2,3	
98	6,5E+2	98	7,5E+7	98	0,0	98	0,1	98	0,2	98	1,0	98	2,5	98	5,5	98	78,0	98	0,5	98	0,3	98	0,1	98	0,2	98	3,7	98	0,0	98	0,0	98	0,0	98	0,6	98	0,1	98	7,1	98	0,1	98	0,1	98	0,1	98	0,0	98	0,0	98	0,0	98	0,0	98	0,0	98	NaN	98	2,2	
99	6,5E+2	99	7,5E+7	99	0,0	99	0,1	99	0,2	99	1,0	99	2,0	99	6,0	99	72,4	99	0,7	99	0,3	99	0,1	99	0,3	99	3,3	99	0,0	99	0,0	99	0,0	99	0,6	99	0,1	99	6,1	99	0,1	99	0,1	99	0,0	99	0,0	99	0,0	99	0,0	99	0,0	99	0,0	99	NaN	99	2,2	
100	6,4E+2	100	7,5E+7	100	0,0	100	0,1	100	0,2	100	0,9	100	2,4	100	5,2	100	69,5	100	0,6	100	0,3	100	0,1	100	0,2	100	3,0	100	0,0	100	0,0	100	0,0	100	0,7	100	0,1	100	5,8	100	0,1	100	0,0	100	0,0	100	0,0	100	0,0	100	0,0	100	0,0	100	0,0	100	NaN	100	1,9	
101	6,4E+2	101	7,7E+7	101	0,0	101	0,1	101	0,2	101	0,9	101	1,9	101	4,9	101	64,0	101	0,6	101	0,3	101	0,1	101	0,3	101	2,7	101	0,0	101	0,0	101	0,0	101	0,6	101	0,0	101	5,5	101	0,0	101	0,0	101	0,1	101	0,0	101	0,0	101	0,0	101	0,0	101	0,0	101	NaN	101	2,2	
102	6,4E+2	102	7,6E+7	102	0,0	102	0,1	102	0,2	102	0,9	102	2,3	102	5,1	102	62,9	102	0,7	102	0,3	102	0,1	102	0,2	102	2,7	102	0,0	102	0,0	102	0,0	102	0,6	102	0,0	102	5,2	102	0,0	102	0,1	102	0,1	102	0,0	102	0,0	102	0,0	102	0,0	102	0,0	102	NaN	102	2,3	
103	6,5E+2	103	7,3E+7	103	0,0	103	0,1	103	0,2	103	1,0	103	1,9	103	5,2	103	60,2	103	0,5	103	0,2	103	0,0	103	0,2	103	2,5	103	0,0	103	0,0	103	0,0	103	0,6	103	0,0	103	5,6	103	0,1	103	0,0	103	0,0	103	0,0	103	0,0	103	0,0	103	0,0	103	0,0	103	NaN	103	2,4	
104	6,1E+2	104	7,8E+7	104	0,0	104	0,1	104	0,2	104	0,9	104	1,7	104	4,3	104	55,5	104	0,5	104	0,1	104	0,1	104	0,3	104	2,2	104	0,0	104	0,0	104	0,0	104	0,5	104	0,1	104	4,9	104	0,1	104	0,0	104	0,1	104	0,0	104	0,0	104	0,0	104	0,0	104	0,0	104	NaN	104	2,1	
105	6,2E+2	105	7,7E+7	105	0,0	105	0,1	105	0,2	105	0,9	105	2,0	105	4,8	105	54,9	105	0,5	105	0,2	105	0,1	105	0,3	105	2,6	105	0,0	105	0,0	105	0,0	105	0,4	105	0,1	105	4,6	105	0,1	105	0,0	105	0,0	105	0,0	105	0,0	105	0,0	105	0,0	105	0,0	105	NaN	105	1,9	
106	6,2E+2	106	7,6E+7	106	0,0	106	0,1	106	0,2	106	0,9	106	2,0	106	4,3	106	52,5	106	0,5	106	0,2	106	0,1	106	0,2	106	2,6	106	0,0	106	0,0	106	0,0	106	0,6	106	0,0	106	4,8	106	0,1	106	0,0	106	0,0	106	0,0	106	0,0	106	0,0	106	0,0	106	0,0	106	NaN	106	2,2	
107	6,4E+2	107	7,4E+7	107	0,0	107	0,1	107	0,2	107	0,9	107	1,8	107	4,7	107	54,5	107	0,7	107	0,2	107	0,1	107	0,2	107	2,2	107	0,0	107	0,0	107	0,0	107	0,5	107	0,1	107	4,4	107	0,1	107	0,0	107	0,0	107	0,0	107	0,0	107	0,0	107	0,0	107	0,0	107	NaN	107	2,3	
108	6,3E+2	108	7,5E+7	108	0,0	108	0,1	108	0,2	108	0,9	108	2,3	108	3,9	108	50,6	108	0,6	108	0,3	108	0,1	108	0,2	108	2,3	108	0,0	108	0,0	108	0,0	108	0,6	108	0,1	108	4,3	108	0,1	108	0,0	108	0,1	108	0,0	108	0,0	108	0,0	108	0,0	108	0,0	108	NaN	108	2,0	
109	6,4E+2	109	7,5E+7	109	0,0	109	0,1	109	0,2	109	0,9	109	2,2	109	4,7	109	48,7	109	0,5	109	0,2	109	0,0	109	0,1	109	2,5	109	0,0	109	0,0	109	0,0	109	0,6	109	0,1	109	4,3	109	0,1	109	0,0	109	0,0	109	0,0	109	0,0	109	0,0	109	0,0	109	0,0	109	NaN	109	2,3	
110	6,3E+2	110	7,4E+7	110	0,0	110	0,1	110	0,2	110	0,9	110	2,5	110	4,0	110	49,6	110	0,5	110	0,3	110	0,1	110	0,2	110	2,2	110	0,0	110	0,0	110	0,0	110	0,4	110	0,1	110	4,1	110	0,1	110	0,1	110	0,1	110	0,0	110	0,0	110	0,0	110	0,0	110	0,0	110	NaN	110	2,4	
111	6,2E+2	111	7,5E+7	111	0,0	111	0,1	111	0,2	111	0,9	111	2,5	111	3,9	111	48,5	111	0,5	111	0,2	111	0,1	111	0,1	111	2,5	111	0,0	111	0,0	111	0,0	111	0,5	111	0,1	111	4,2	111	0,0	111	0,0	111	0,1	111	0,0	111	0,0	111	0,0	111	0,0	111	0,0	111	NaN	111	2,3	
112	6,1E+2	112	7,5E+7	112	0,0	112	0,1	112	0,2	112	0,9	112	2,3	112	3,7	112	46,6	112	0,5	112	0,2	112	0,1	112	0,2	112	2,3	112	0,0	112	0,0	112	0,0	112	0,6	112	0,1	112	3,6	112	0,1	112	0,0	112	0,0	112	0,0	112	0,0	112	0,0	112	0,0	112	0,0	112	NaN	112	2,0	
113	6,0E+2	113	7,8E+7	113	0,0	113	0,1	113	0,2	113	0,9	113	2,1	113	4,4	113	42,4	113	0,5	113	0,1	113	0,1	113	0,1	113	2,1	113	0,0	113	0,0	113	0,0	113	0,4	113	0,1	113	3,7	113	0,0	113	0,0	113	0,0	113	0,0	113	0,0	113	0,0	113	0,0	113	0,0	113	NaN	113	2,6	
114	6,1E+2	114	7,6E+7	114	0,0	114	0,1	114	0,2	114	0,9	114	2,1	114	4,1	114	44,6	114	0,4	114	0,2	114	0,1	114	0,2	114	2,2	114	0,0	114	0,0	114	0,0	114	0,5	114	0,1	114	4,0	114	0,0	114	0,0	114	0,0	114	0,0	114	0,0	114	0,0	114	0,0	114	0,0	114	NaN	114	2,2	
115	6,1E+2	115	7,4E+7	115	0,0	115	0,1	115	0,2	115	0,9	115	2,6	115	4,2	115	44,8	115	0,4	115	0,3	115	0,1	115	0,3	115	2,1	115	0,0	115	0,0	115	0,0	115	0,5	115	0,1	115	4,4	115	0,1	115	0,0	115	0,0	115	0,0	115	0,0	115	0,0	115	0,0	115	0,0	115	NaN	115	2,4	
116	5,9E+2	116	7,6E+7	116	0,0	116	0,1	116	0,2	116	0,9	116	2,2	116	4,2	116	42,0	116	0,6	116	0,2	116	0,1	116	0,1	116	2,1	116	0,0	116	0,0	116	0,0	116	0,5	116	0,1	116	3,6	116	0,0	116	0,0	116	0,0	116	0,0	116	0,0	116	0,0	116	0,0	116	0,0	116	NaN	116	2,1	
117	6,3E+2	117	7,3E+7	117	0,0	117	0,1	117	0,2	117	0,9	117	2,3	117	3,8	117	43,0	117	0,4	117	0,2	117	0,1	117	0,1	117	2,2	117	0,0	117	0,0	117	0,0	117	0,6	117	0,1	117	3,9	117	0,1	117	0,0	117	0,0	117	0,0	117	0,0	117	0,0	117	0,0	117	0,0	117	NaN	117	2,5	
118	6,1E+2	118	7,6E+7	118	0,0	118	0,1	118	0,2	118	0,9	118	2,4	118	5,7	118	67,0	118	0,8	118	0,2	118	0,1	118	0,2	118	2,5	118	0,0	118	0,0	118	0,0	118	0,9	118	0,1	118	14,3	118	0,1	118	0,0	118	0,1	118	0,0	118	0,0	118	0,0	118	0,0	118	0,0	118	NaN	118	3,5	
119	5,9E+2	119	7,7E+7	119	0,0	119	0,1	119	0,2	119	1,0	119	2,8	119	6,4	119	1,1E+2	119	0,5	119	0,3	119	0,0	119	0,2	119	2,7	119	0,0	119	0,0	119	0,0	119	0,6	119	0,1	119	4,4	119	0,1	119	0,0	119	0,0	119	0,0	119	0,0	119	0,0	119	0,0	119	0,0	119	NaN	119	2,3	
120	6,0E+2	120	7,5E+7	120	0,0	120	0,1	120	0,2	120	0,9	120	2,1	120	2,6	120	52,2	120	0,3	120	0,3	120	0,1	120	0,2	120	2,6	120	0,0	120	0,0	120	0,0	120	0,5	120	0,1	120	4,5	120	0,0	120	0,0	120	0,0	120	0,0	120	0,0	120	0,0	120	0,0	120	0,0	120	NaN	120	2,1	
121	6,0E+2	121	7,5E+7	121	0,0	121	0,1	121	0,2	121	0,9	121	1,9	121	2,9	121	52,5	121	0,3	121	0,3	121	0,1	121	0,2	121	2,3	121	0,0	121	0,0	121	0,0	121	0,3	121	0,1	121	4,3	121	0,1	121	0,0	121	0,0	121	0,0	121	0,0	121	0,0	121	0,0	121	0,0	121	NaN	121	2,0	
122	5,9E+2	122	7,5E+7	122	0,0	122	0,1	122	0,2	122	1,1	122	5,2	122	0,6	122	7,1	122	0,2	122	0,1	122	0,1	122	0,1	122	2,1	122	0,0	122	0,0	122	0,0	122	0,4	122	0,1	122	0,5	122	0,1	122	0,0	122	0,0	122	0,0	122	0,0	122	0,0	122	0,0	122	0,0	122	NaN	122	2,0	
123	5,9E+2	123	7,5E+7	123	0,0	123	0,1	123	0,2	123	0,9	123	2,2	123	0,7	123	4,2	123	0,2	123	0,1	123	0,0	123	0,1	123	1,6	123	0,0	123	0,0	123	0,0	123	0,3	123	0,1	123	0,4	123	0,1	123	0,1	123	0,0	123	0,0	123	0,0	123	0,0	123	0,0	123	0,0	123	NaN	123	2,1	
124	5,8E+2	124	7,5E+7	124	0,0	124	0,1	124	0,2	124	0,9	124	1,9	124	0,6	124	3,2	124	0,2	124	0,1	124	0,0	124	0,1	124	1,2	124	0,0	124	0,0	124	0,0	124	0,3	124	0,1	124	0,2	124	0,0	124	0,0	124	0,0	124	0,0	124	0,0	124	0,0	124	0,0	124	0,0	124	NaN	124	2,1	
125	5,9E+2	125	7,4E+7	125	0,0	125	0,1	125	0,2	125	0,9	125	2,0	125	0,4	125	2,0	125	0,2	125	0,2	125	0,0	125	0,1	125	0,9	125	0,0	125	0,0	125	0,0	125	0,4	125	0,0	125	0,2	125	0,1	125	0,0	125	0,0	125	0,0	125	0,0	125	0,0	125	0,0	125	0,0	125	NaN	125	2,2	
126	5,8E+2	126	7,5E+7	126	0,0	126	0,1	126	0,2	126	0,9	126	2,1	126	0,3	126	1,6	126	0,1	126	0,1	126	0,1	126	0,2	126	0,7	126	0,0	126	0,0	126	0,0	126	0,3	126	0,1	126	0,2	126	0,0	126	0,0	126	0,0	126	0,0	126	0,0	126	0,0	126	0,0	126	0,0	126	NaN	126	4,2	
127	5,7E+2	127	7,7E+7	127	0,0	127	0,1	127	0,2	127	1,0	127	2,8	127	11,6	127	1,1E+2	127	1,0	127	0,2	127	0,1	127	0,4	127	1,1	127	0,0	127	0,0	127	0,0	127	0,9	127	0,1	127	7,7	127	0,1	127	0,0	127	0,1	127	0,0	127	0,0	127	0,0	127	0,0	127	0,0	127	NaN	127	1,8	
128	5,7E+2	128	7,6E+7	128	0,0	128	0,1	128	0,2	128	0,9	128	2,0	128	6,7	128	77,4	128	0,7	128	0,2	128	0,0	128	0,2	128	2,9	128	0,0	128	0,0	128	0,0	128	0,6	128	0,1	128	6,8	128	0,1	128	0,1	128	0,1	128	0,0	128	0,0	128	0,0	128	0,0	128	0,0	128	NaN	128	2,0	
129	5,7E+2	129	7,7E+7	129	0,0	129	0,1	129	0,2	129	0,9	129	2,0	129	6,0	129	70,7	129	0,9	129	0,2	129	0,1	129	0,2	129	3,5	129	0,0	129	0,0	129	0,0	129	0,6	129	0,0	129	6,0	129	0,1	129	0,0	129	0,0	129	0,0	129	0,0	129	0,0	129	0,0	129	0,0	129	NaN	129	2,4	
130	5,7E+2	130	7,6E+7	130	0,0	130	0,1	130	0,2	130	0,9	130	2,2	130	6,0	130	67,1	130	0,6	130	0,4	130	0,0	130	0,2	130	4,1	130	0,0	130	0,0	130	0,0	130	0,7	130	0,0	130	5,7	130	0,1	130	0,0	130	0,0	130	0,0	130	0,0	130	0,0	130	0,0	130	0,0	130	NaN	130	1,9	
131	5,7E+2	131	7,7E+7	131	0,0	131	0,1	131	0,2	131	0,9	131	2,2	131	5,9	131	61,6	131	0,8	131	0,3	131	0,1	131	0,2	131	3,9	131	0,0	131	0,0	131	0,0	131	0,6	131	0,0	131	5,3	131	0,1	131	0,1	131	0,0	131	0,0	131	0,0	131	0,0	131	0,0	131	0,0	131	NaN	131	2,2	
132	5,6E+2	132	7,5E+7	132	0,0	132	0,1	132	0,2	132	0,9	132	2,3	132	5,8	132	59,1	132	0,8	132	0,4	132	0,1	132	0,2	132	4,3	132	0,0	132	0,0	132	0,0	132	0,5	132	0,1	132	4,9	132	0,1	132	0,0	132	0,1	132	0,0	132	0,0	132	0,0	132	0,0	132	0,0	132	NaN	132	2,1	
133	5,7E+2	133	7,5E+7	133	0,0	133	0,1	133	0,2	133	0,9	133	2,2	133	5,8	133	59,0	133	0,9	133	0,3	133	0,0	133	0,2	133	4,4	133	0,0	133	0,0	133	0,0	133	0,6	133	0,1	133	5,1	133	0,1	133	0,0	133	0,1	133	0,0	133	0,0	133	0,0	133	0,0	133	0,0	133	NaN	133	1,9	
134	5,6E+2	134	7,5E+7	134	0,0	134	0,1	134	0,2	134	0,9	134	1,9	134	5,6	134	58,0	134	0,7	134	0,3	134	0,1	134	0,2	134	4,3	134	0,0	134	0,0	134	0,0	134	0,6	134	0,1	134	5,2	134	0,0	134	0,0	134	0,0	134	0,0	134	0,0	134	0,0	134	0,0	134	0,0	134	NaN	134	2,3	
135	5,5E+2	135	7,8E+7	135	0,0	135	0,1	135	0,2	135	0,9	135	2,1	135	5,6	135	53,4	135	0,6	135	0,3	135	0,1	135	0,3	135	3,8	135	0,0	135	0,0	135	0,0	135	0,6	135	0,1	135	4,7	135	0,1	135	0,1	135	0,1	135	0,0	135	0,0	135	0,0	135	0,0	135	0,0	135	NaN	135	2,0	
136	5,5E+2	136	7,7E+7	136	0,0	136	0,1	136	0,2	136	0,9	136	1,8	136	5,2	136	52,9	136	0,8	136	0,2	136	0,0	136	0,2	136	4,4	136	0,0	136	0,0	136	0,0	136	0,4	136	0,1	136	4,5	136	0,1	136	0,0	136	0,1	136	0,0	136	0,0	136	0,0	136	0,0	136	0,0	136	NaN	136	1,7	
137	5,6E+2	137	7,6E+7	137	0,0	137	0,1	137	0,2	137	0,9	137	1,9	137	5,0	137	50,7	137	0,7	137	0,2	137	0,2	137	0,3	137	4,6	137	0,0	137	0,0	137	0,0	137	0,6	137	0,1	137	4,4	137	0,1	137	0,0	137	0,1	137	0,0	137	0,0	137	0,0	137	0,0	137	0,0	137	NaN	137	2,0	
138	5,7E+2	138	7,6E+7	138	0,0	138	0,1	138	0,2	138	0,9	138	2,5	138	5,3	138	49,4	138	0,8	138	0,2	138	0,1	138	0,2	138	4,2	138	0,0	138	0,0	138	0,0	138	0,5	138	0,1	138	4,5	138	0,1	138	0,0	138	0,0	138	0,0	138	0,0	138	0,0	138	0,0	138	0,0	138	NaN	138	2,0	
139	5,8E+2	139	7,4E+7	139	0,0	139	0,1	139	0,2	139	0,9	139	2,2	139	5,6	139	51,1	139	0,7	139	0,3	139	0,1	139	0,2	139	4,7	139	0,0	139	0,0	139	0,0	139	0,5	139	0,1	139	4,3	139	0,1	139	0,0	139	0,0	139	0,0	139	0,0	139	0,0	139	0,0	139	0,0	139	NaN	139	1,9	
140	5,5E+2	140	7,6E+7	140	0,0	140	0,1	140	0,2	140	0,9	140	2,4	140	5,3	140	46,4	140	0,7	140	0,3	140	0,1	140	0,2	140	4,5	140	0,0	140	0,0	140	0,0	140	0,5	140	0,0	140	4,2	140	0,1	140	0,0	140	0,1	140	0,0	140	0,0	140	0,0	140	0,0	140	0,0	140	NaN	140	2,0	
141	5,5E+2	141	7,7E+7	141	0,0	141	0,1	141	0,2	141	0,9	141	2,4	141	5,0	141	45,0	141	0,6	141	0,1	141	0,1	141	0,2	141	4,5	141	0,0	141	0,0	141	0,0	141	0,6	141	0,1	141	3,8	141	0,1	141	0,0	141	0,1	141	0,0	141	0,0	141	0,0	141	0,0	141	0,0	141	NaN	141	2,3	
142	5,4E+2	142	7,8E+7	142	0,0	142	0,1	142	0,2	142	0,9	142	2,2	142	5,2	142	45,1	142	0,6	142	0,2	142	0,0	142	0,2	142	3,9	142	0,0	142	0,0	142	0,0	142	0,6	142	0,1	142	3,5	142	0,1	142	0,0	142	0,0	142	0,0	142	0,0	142	0,0	142	0,0	142	0,0	142	NaN	142	1,7	
143	5,4E+2	143	7,6E+7	143	0,0	143	0,1	143	0,2	143	0,9	143	2,3	143	5,4	143	44,0	143	0,8	143	0,3	143	0,1	143	0,1	143	4,5	143	0,0	143	0,0	143	0,0	143	0,6	143	0,1	143	4,1	143	0,1	143	0,0	143	0,0	143	0,0	143	0,0	143	0,0	143	0,0	143	0,0	143	NaN	143	1,8	
144	5,4E+2	144	7,7E+7	144	0,0	144	0,1	144	0,2	144	0,9	144	1,9	144	4,9	144	42,6	144	0,7	144	0,2	144	0,1	144	0,2	144	4,0	144	0,0	144	0,0	144	0,0	144	0,5	144	0,1	144	4,0	144	0,1	144	0,0	144	0,0	144	0,0	144	0,0	144	0,0	144	0,0	144	0,0	144	NaN	144	1,5	
145	5,7E+2	145	7,4E+7	145	0,0	145	0,1	145	0,2	145	0,9	145	2,2	145	4,9	145	43,0	145	0,6	145	0,2	145	0,1	145	0,2	145	4,3	145	0,0	145	0,0	145	0,0	145	0,6	145	0,1	145	3,9	145	0,1	145	0,0	145	0,1	145	0,0	145	0,0	145	0,0	145	0,0	145	0,0	145	NaN	145	2,0	
146	5,4E+2	146	7,6E+7	146	0,0	146	0,1	146	0,2	146	0,9	146	1,9	146	4,6	146	40,4	146	0,6	146	0,2	146	0,1	146	0,2	146	4,4	146	0,0	146	0,0	146	0,0	146	0,4	146	0,1	146	3,5	146	0,1	146	0,0	146	0,0	146	0,0	146	0,0	146	0,0	146	0,0	146	0,0	146	NaN	146	2,2	
147	5,3E+2	147	7,7E+7	147	0,0	147	0,1	147	0,2	147	0,9	147	2,0	147	5,0	147	40,3	147	0,7	147	0,2	147	0,1	147	0,2	147	4,4	147	0,0	147	0,0	147	0,0	147	0,5	147	0,1	147	3,2	147	0,1	147	0,0	147	0,1	147	0,0	147	0,0	147	0,0	147	0,0	147	0,0	147	NaN	147	8,2	
148	5,4E+2	148	7,9E+7	148	0,0	148	0,1	148	0,2	148	1,3	148	4,2	148	8,4	148	97,6	148	0,5	148	0,4	148	0,0	148	0,2	148	4,4	148	0,0	148	0,0	148	0,0	148	0,6	148	0,0	148	6,4	148	0,1	148	0,0	148	0,0	148	0,0	148	0,0	148	0,0	148	0,0	148	0,0	148	NaN	148	1,9	
149	5,5E+2	149	7,6E+7	149	0,0	149	0,1	149	0,2	149	0,9	149	1,9	149	3,5	149	68,3	149	0,4	149	0,3	149	0,0	149	0,3	149	3,9	149	0,0	149	0,0	149	0,0	149	0,5	149	0,0	149	5,6	149	0,1	149	0,0	149	0,0	149	0,0	149	0,0	149	0,0	149	0,0	149	0,0	149	NaN	149	1,7	
150	5,6E+2	150	7,4E+7	150	0,0	150	0,1	150	0,2	150	0,9	150	1,8	150	3,4	150	60,8	150	0,4	150	0,2	150	0,0	150	0,2	150	2,7	150	0,0	150	0,0	150	0,0	150	0,5	150	0,0	150	5,5	150	0,1	150	0,0	150	0,1	150	0,0	150	0,0	150	0,0	150	0,0	150	0,0	150	NaN	150	1,6	
151	5,4E+2	151	7,6E+7	151	0,0	151	0,1	151	0,2	151	0,9	151	2,1	151	3,6	151	58,0	151	0,3	151	0,2	151	0,1	151	0,1	151	2,8	151	0,0	151	0,0	151	0,0	151	0,5	151	0,1	151	5,1	151	0,1	151	0,0	151	0,0	151	0,0	151	0,0	151	0,0	151	0,0	151	0,0	151	NaN	151	1,9	
152	5,3E+2	152	7,7E+7	152	0,0	152	0,1	152	0,2	152	0,9	152	2,2	152	2,9	152	54,7	152	0,3	152	0,2	152	0,1	152	0,2	152	2,6	152	0,0	152	0,0	152	0,0	152	0,4	152	0,1	152	4,8	152	0,1	152	0,0	152	0,0	152	0,0	152	0,0	152	0,0	152	0,0	152	0,0	152	NaN	152	1,7	
153	5,5E+2	153	7,5E+7	153	0,0	153	0,1	153	0,2	153	0,9	153	1,8	153	3,6	153	53,9	153	0,4	153	0,2	153	0,1	153	0,2	153	2,7	153	0,0	153	0,0	153	0,0	153	0,6	153	0,0	153	4,4	153	0,1	153	0,0	153	0,1	153	0,0	153	0,0	153	0,0	153	0,0	153	0,0	153	NaN	153	2,0	
154	5,4E+2	154	7,5E+7	154	0,0	154	0,1	154	0,2	154	0,9	154	1,8	154	3,4	154	50,8	154	0,3	154	0,2	154	0,1	154	0,2	154	2,6	154	0,0	154	0,0	154	0,0	154	0,4	154	0,1	154	4,7	154	0,1	154	0,0	154	0,1	154	0,0	154	0,0	154	0,0	154	0,0	154	0,0	154	NaN	154	2,2	
155	5,2E+2	155	7,7E+7	155	0,0	155	0,1	155	0,2	155	0,9	155	2,0	155	3,1	155	48,4	155	0,3	155	0,1	155	0,1	155	0,1	155	2,6	155	0,0	155	0,0	155	0,0	155	0,4	155	0,0	155	4,3	155	0,1	155	0,1	155	0,0	155	0,0	155	0,0	155	0,0	155	0,0	155	0,0	155	Inf	155	2,0	
156	5,4E+2	156	7,6E+7	156	0,0	156	0,1	156	0,2	156	0,9	156	1,7	156	3,0	156	44,8	156	0,5	156	0,2	156	0,1	156	0,1	156	2,6	156	0,0	156	0,0	156	0,0	156	0,5	156	0,1	156	3,7	156	0,1	156	0,0	156	0,0	156	0,0	156	0,0	156	0,0	156	0,0	156	0,0	156	NaN	156	1,6	
157	5,5E+2	157	7,5E+7	157	0,0	157	0,1	157	0,2	157	0,9	157	2,0	157	3,2	157	44,4	157	0,3	157	0,2	157	0,1	157	0,2	157	2,2	157	0,0	157	0,0	157	0,0	157	0,6	157	0,0	157	4,2	157	0,0	157	0,0	157	0,0	157	0,0	157	0,0	157	0,0	157	0,0	157	0,0	157	NaN	157	2,2	
158	5,4E+2	158	7,5E+7	158	0,0	158	0,1	158	0,2	158	0,9	158	2,2	158	3,2	158	43,6	158	0,3	158	0,3	158	0,0	158	0,1	158	2,5	158	0,0	158	0,0	158	0,0	158	0,5	158	0,1	158	3,8	158	0,0	158	0,0	158	0,1	158	0,0	158	0,0	158	0,0	158	0,0	158	0,0	158	NaN	158	1,7	
159	5,3E+2	159	7,6E+7	159	0,0	159	0,1	159	0,2	159	0,9	159	1,9	159	3,0	159	40,6	159	0,2	159	0,2	159	0,0	159	0,2	159	2,4	159	0,0	159	0,0	159	0,0	159	0,4	159	0,1	159	3,6	159	0,1	159	0,0	159	0,1	159	0,0	159	0,0	159	0,0	159	0,0	159	0,0	159	NaN	159	1,8	
160	5,4E+2	160	7,5E+7	160	0,0	160	0,1	160	0,2	160	0,9	160	1,7	160	3,3	160	38,9	160	0,4	160	0,1	160	0,0	160	0,2	160	2,7	160	0,0	160	0,0	160	0,0	160	0,6	160	0,1	160	3,5	160	0,1	160	0,0	160	0,1	160	0,0	160	0,0	160	0,0	160	0,0	160	0,0	160	NaN	160	1,9	
161	5,4E+2	161	7,3E+7	161	0,0	161	0,1	161	0,2	161	0,9	161	2,2	161	3,1	161	38,8	161	0,3	161	0,2	161	0,1	161	0,2	161	2,2	161	0,0	161	0,0	161	0,0	161	0,4	161	0,1	161	3,5	161	0,0	161	0,0	161	0,0	161	0,0	161	0,0	161	0,0	161	0,0	161	0,0	161	NaN	161	2,1	
162	5,2E+2	162	7,7E+7	162	0,0	162	0,1	162	0,2	162	0,9	162	2,0	162	3,0	162	36,3	162	0,5	162	0,2	162	0,1	162	0,1	162	2,4	162	0,0	162	0,0	162	0,0	162	0,4	162	0,1	162	3,3	162	0,1	162	0,0	162	0,0	162	0,0	162	0,0	162	0,0	162	0,0	162	0,0	162	NaN	162	1,8	
163	5,4E+2	163	7,5E+7	163	0,0	163	0,1	163	0,2	163	0,9	163	2,0	163	2,9	163	35,7	163	0,3	163	0,2	163	0,0	163	0,2	163	2,6	163	0,0	163	0,0	163	0,0	163	0,6	163	0,1	163	3,4	163	0,1	163	0,0	163	0,0	163	0,0	163	0,0	163	0,0	163	0,0	163	0,0	163	NaN	163	1,7	
164	5,3E+2	164	7,6E+7	164	0,0	164	0,1	164	0,2	164	0,9	164	1,9	164	3,0	164	34,7	164	0,4	164	0,1	164	0,1	164	0,1	164	2,5	164	0,0	164	0,0	164	0,0	164	0,4	164	0,1	164	3,3	164	0,1	164	0,0	164	0,0	164	0,0	164	0,0	164	0,0	164	0,0	164	0,0	164	NaN	164	2,2	
165	5,5E+2	165	7,3E+7	165	0,0	165	0,1	165	0,2	165	0,9	165	2,1	165	2,8	165	34,3	165	0,3	165	0,1	165	0,0	165	0,2	165	2,6	165	0,0	165	0,0	165	0,0	165	0,4	165	0,1	165	3,3	165	0,1	165	0,0	165	0,0	165	0,0	165	0,0	165	0,0	165	0,0	165	0,0	165	NaN	165	2,0	
166	5,2E+2	166	7,5E+7	166	0,0	166	0,1	166	0,2	166	0,9	166	1,7	166	2,9	166	32,1	166	0,5	166	0,2	166	0,0	166	0,2	166	2,5	166	0,0	166	0,0	166	0,0	166	0,5	166	0,0	166	2,9	166	0,1	166	0,0	166	0,0	166	0,0	166	0,0	166	0,0	166	0,0	166	0,0	166	NaN	166	1,9	
167	5,2E+2	167	7,7E+7	167	0,0	167	0,1	167	0,2	167	0,9	167	1,4	167	2,6	167	30,3	167	0,4	167	0,2	167	0,1	167	0,1	167	2,5	167	0,0	167	0,0	167	0,0	167	0,5	167	0,1	167	2,9	167	0,1	167	0,0	167	0,1	167	0,0	167	0,0	167	0,0	167	0,0	167	0,0	167	NaN	167	1,5	
168	5,2E+2	168	7,6E+7	168	0,0	168	0,1	168	0,2	168	0,9	168	1,8	168	2,6	168	31,3	168	0,3	168	0,2	168	0,1	168	0,1	168	2,5	168	0,0	168	0,0	168	0,0	168	0,4	168	0,0	168	2,5	168	0,1	168	0,1	168	0,0	168	0,0	168	0,0	168	0,0	168	0,0	168	0,0	168	NaN	168	1,8	
169	5,1E+2	169	7,6E+7	169	0,0	169	0,1	169	0,2	169	0,9	169	2,1	169	2,6	169	27,1	169	0,2	169	0,1	169	0,1	169	0,2	169	2,3	169	0,0	169	0,0	169	0,0	169	0,3	169	0,1	169	2,2	169	0,0	169	0,0	169	0,0	169	0,0	169	0,0	169	0,0	169	0,0	169	0,0	169	NaN	169	11,1	
170	5,5E+2	170	7,7E+7	170	0,0	170	0,1	170	0,2	170	1,3	170	4,7	170	5,1E+2	170	9,2E+2	170	56,5	170	1,4	170	0,1	170	2,1	170	3,3	170	0,0	170	0,0	170	0,0	170	2,4	170	0,1	170	58,5	170	0,1	170	0,0	170	0,1	170	0,0	170	0,1	170	0,0	170	0,0	170	0,0	170	NaN	170	2,6	
171	5,3E+2	171	7,6E+7	171	0,0	171	0,1	171	0,2	171	1,0	171	2,2	171	2,3E+2	171	5,0E+2	171	30,5	171	0,9	171	0,2	171	1,2	171	13,1	171	0,0	171	0,0	171	0,0	171	1,8	171	0,1	171	41,1	171	0,2	171	0,0	171	0,0	171	0,0	171	0,0	171	0,0	171	0,0	171	0,0	171	NaN	171	2,3	
172	5,2E+2	172	7,6E+7	172	0,0	172	0,1	172	0,2	172	0,9	172	2,4	172	2,1E+2	172	4,5E+2	172	29,7	172	0,7	172	0,2	172	1,3	172	18,5	172	0,0	172	0,0	172	0,0	172	1,6	172	0,1	172	39,4	172	0,2	172	0,0	172	0,1	172	0,0	172	0,0	172	0,0	172	0,0	172	0,0	172	NaN	172	2,2	
173	5,3E+2	173	7,6E+7	173	0,0	173	0,1	173	0,2	173	0,9	173	2,1	173	2,1E+2	173	4,3E+2	173	29,1	173	0,8	173	0,2	173	1,2	173	19,5	173	0,0	173	0,0	173	0,0	173	1,7	173	0,1	173	37,3	173	0,2	173	0,0	173	0,1	173	0,0	173	0,0	173	0,0	173	0,0	173	0,0	173	NaN	173	2,0	
174	5,0E+2	174	7,7E+7	174	0,0	174	0,1	174	0,2	174	0,9	174	2,4	174	2,0E+2	174	4,1E+2	174	28,4	174	0,8	174	0,2	174	1,2	174	19,9	174	0,0	174	0,0	174	0,0	174	1,8	174	0,1	174	35,9	174	0,2	174	0,0	174	0,1	174	0,0	174	0,1	174	0,0	174	0,0	174	0,0	174	NaN	174	2,5	
175	5,3E+2	175	7,6E+7	175	0,0	175	0,1	175	0,2	175	0,9	175	2,2	175	1,9E+2	175	4,0E+2	175	28,4	175	0,8	175	0,3	175	1,0	175	21,0	175	0,0	175	0,0	175	0,0	175	1,5	175	0,1	175	35,5	175	0,1	175	0,0	175	0,1	175	0,0	175	0,0	175	0,0	175	0,0	175	0,0	175	NaN	175	1,9	
176	5,1E+2	176	7,9E+7	176	0,0	176	0,1	176	0,2	176	0,9	176	2,1	176	1,9E+2	176	3,6E+2	176	27,2	176	0,7	176	0,4	176	0,8	176	19,9	176	0,0	176	0,0	176	0,0	176	1,5	176	0,0	176	32,4	176	0,1	176	0,0	176	0,1	176	0,0	176	0,0	176	0,0	176	0,0	176	0,0	176	NaN	176	2,1	
177	5,3E+2	177	7,5E+7	177	0,0	177	0,1	177	0,2	177	0,9	177	2,4	177	1,9E+2	177	3,7E+2	177	29,2	177	0,6	177	0,3	177	1,1	177	20,9	177	0,0	177	0,0	177	0,0	177	1,4	177	0,1	177	33,2	177	0,2	177	0,0	177	0,1	177	0,0	177	0,0	177	0,0	177	0,0	177	0,0	177	NaN	177	2,2	
178	5,3E+2	178	7,5E+7	178	0,0	178	0,1	178	0,2	178	0,9	178	2,0	178	1,9E+2	178	3,6E+2	178	29,5	178	0,6	178	0,3	178	1,1	178	22,1	178	0,0	178	0,0	178	0,0	178	1,5	178	0,1	178	32,0	178	0,4	178	0,0	178	0,1	178	0,0	178	0,0	178	0,0	178	0,0	178	0,0	178	NaN	178	2,4	
179	5,1E+2	179	7,8E+7	179	0,0	179	0,1	179	0,2	179	0,9	179	2,1	179	1,8E+2	179	3,3E+2	179	27,7	179	0,8	179	0,3	179	1,0	179	20,2	179	0,0	179	0,0	179	0,0	179	1,2	179	0,1	179	29,5	179	0,2	179	0,0	179	0,1	179	0,0	179	0,0	179	0,0	179	0,0	179	0,0	179	NaN	179	2,2	
180	5,4E+2	180	7,5E+7	180	0,0	180	0,1	180	0,2	180	0,9	180	2,5	180	1,8E+2	180	3,3E+2	180	29,3	180	0,5	180	0,4	180	1,0	180	21,2	180	0,0	180	0,0	180	0,0	180	1,4	180	0,0	180	28,7	180	0,2	180	0,0	180	0,1	180	0,0	180	0,0	180	0,0	180	0,0	180	0,0	180	NaN	180	2,2	
181	5,0E+2	181	7,7E+7	181	0,0	181	0,1	181	0,2	181	0,9	181	2,2	181	1,7E+2	181	3,1E+2	181	27,3	181	0,8	181	0,2	181	0,9	181	20,7	181	0,0	181	0,0	181	0,0	181	1,5	181	0,0	181	27,0	181	0,2	181	0,1	181	0,1	181	0,0	181	0,0	181	0,0	181	0,0	181	0,0	181	NaN	181	2,0	
182	5,1E+2	182	7,7E+7	182	0,0	182	0,1	182	0,2	182	0,9	182	2,7	182	1,7E+2	182	3,1E+2	182	26,6	182	0,6	182	0,3	182	0,7	182	21,4	182	0,0	182	0,0	182	0,0	182	1,4	182	0,0	182	26,9	182	0,2	182	0,0	182	0,1	182	0,0	182	0,0	182	0,0	182	0,0	182	0,0	182	NaN	182	2,6	
183	5,0E+2	183	7,7E+7	183	0,0	183	0,1	183	0,2	183	0,9	183	2,0	183	1,7E+2	183	2,9E+2	183	27,7	183	0,7	183	0,2	183	0,9	183	21,5	183	0,0	183	0,0	183	0,0	183	1,4	183	0,1	183	25,9	183	0,2	183	0,0	183	0,1	183	0,0	183	0,0	183	0,0	183	0,0	183	0,0	183	NaN	183	2,4	
184	5,2E+2	184	7,6E+7	184	0,0	184	0,1	184	0,2	184	0,9	184	1,9	184	1,7E+2	184	2,9E+2	184	28,2	184	0,6	184	0,2	184	0,8	184	22,8	184	0,0	184	0,0	184	0,0	184	1,4	184	0,0	184	24,2	184	0,2	184	0,1	184	0,1	184	0,0	184	0,0	184	0,0	184	0,0	184	0,0	184	Inf	184	2,8	
185	5,2E+2	185	7,5E+7	185	0,0	185	0,1	185	0,2	185	0,9	185	1,5	185	1,7E+2	185	2,8E+2	185	28,2	185	0,6	185	0,4	185	0,9	185	22,0	185	0,0	185	0,0	185	0,0	185	1,5	185	0,1	185	24,4	185	0,2	185	0,0	185	0,2	185	0,0	185	0,0	185	0,0	185	0,0	185	0,0	185	NaN	185	2,5	
186	5,1E+2	186	7,6E+7	186	0,0	186	0,1	186	0,2	186	0,9	186	1,7	186	1,6E+2	186	2,7E+2	186	26,7	186	0,6	186	0,3	186	1,0	186	22,4	186	0,0	186	0,0	186	0,0	186	1,2	186	0,0	186	24,2	186	0,3	186	0,0	186	0,2	186	0,0	186	0,0	186	0,0	186	0,0	186	0,0	186	NaN	186	2,2	
187	4,9E+2	187	7,9E+7	187	0,0	187	0,1	187	0,2	187	0,9	187	2,0	187	1,5E+2	187	2,5E+2	187	26,0	187	0,6	187	0,3	187	0,7	187	21,2	187	0,0	187	0,0	187	0,0	187	1,5	187	0,0	187	21,4	187	0,3	187	0,0	187	0,1	187	0,0	187	0,0	187	0,0	187	0,0	187	0,0	187	NaN	187	2,0	
188	5,0E+2	188	7,6E+7	188	0,0	188	0,1	188	0,2	188	0,9	188	2,4	188	1,6E+2	188	2,5E+2	188	26,5	188	0,7	188	0,3	188	0,7	188	21,9	188	0,0	188	0,0	188	0,0	188	1,3	188	0,1	188	21,3	188	0,3	188	0,0	188	0,1	188	0,0	188	0,0	188	0,0	188	0,0	188	0,0	188	NaN	188	2,3	
189	5,0E+2	189	7,6E+7	189	0,0	189	0,1	189	0,2	189	0,9	189	2,3	189	1,6E+2	189	2,5E+2	189	26,6	189	0,5	189	0,3	189	0,8	189	21,9	189	0,0	189	0,0	189	0,0	189	1,0	189	0,1	189	21,2	189	0,2	189	0,1	189	0,2	189	0,0	189	0,0	189	0,0	189	0,0	189	0,0	189	NaN	189	2,3	
190	5,1E+2	190	7,7E+7	190	0,0	190	0,1	190	0,2	190	0,9	190	2,2	190	6,2E+2	190	8,0E+2	190	59,6	190	1,0	190	0,3	190	1,7	190	22,8	190	0,0	190	0,0	190	0,0	190	3,3	190	0,0	190	75,7	190	0,1	190	0,0	190	0,1	190	0,0	190	0,0	190	0,0	190	0,0	190	0,0	190	NaN	190	2,6	
191	5,0E+2	191	7,7E+7	191	0,0	191	0,1	191	0,2	191	1,5	191	11,0	191	7,0E+2	191	1,2E+3	191	67,9	191	1,8	191	0,4	191	1,8	191	25,9	191	0,0	191	0,0	191	0,0	191	2,8	191	0,1	191	76,0	191	0,2	191	0,0	191	0,1	191	0,0	191	0,1	191	0,0	191	0,0	191	0,0	191	NaN	191	2,6	
192	5,1E+2	192	7,6E+7	192	0,0	192	0,1	192	0,2	192	0,9	192	2,8	192	1,9E+2	192	5,4E+2	192	28,9	192	0,9	192	0,3	192	0,9	192	26,2	192	0,0	192	0,0	192	0,0	192	1,5	192	0,0	192	47,8	192	0,2	192	0,0	192	0,1	192	0,0	192	0,1	192	0,0	192	0,0	192	0,0	192	NaN	192	2,1	
193	5,0E+2	193	7,7E+7	193	0,0	193	0,1	193	0,2	193	0,9	193	2,3	193	1,9E+2	193	5,2E+2	193	27,8	193	0,9	193	0,4	193	0,9	193	25,3	193	0,0	193	0,0	193	0,0	193	1,2	193	0,0	193	46,3	193	0,3	193	0,0	193	0,1	193	0,0	193	0,1	193	0,0	193	0,0	193	0,0	193	NaN	193	2,4	
194	5,0E+2	194	7,6E+7	194	0,0	194	0,1	194	0,2	194	0,9	194	2,1	194	1,9E+2	194	5,1E+2	194	29,1	194	0,8	194	0,3	194	0,8	194	24,4	194	0,0	194	0,0	194	0,0	194	1,5	194	0,1	194	45,1	194	0,3	194	0,0	194	0,1	194	0,0	194	0,0	194	0,0	194	0,0	194	0,0	194	NaN	194	2,4	
195	4,9E+2	195	7,9E+7	195	0,0	195	0,1	195	0,2	195	0,9	195	2,2	195	1,9E+2	195	4,8E+2	195	27,7	195	0,9	195	0,3	195	0,8	195	23,5	195	0,0	195	0,0	195	0,0	195	1,4	195	0,1	195	41,0	195	0,2	195	0,0	195	0,1	195	0,0	195	0,1	195	0,0	195	0,0	195	0,0	195	NaN	195	1,9	
196	5,4E+2	196	7,4E+7	196	0,0	196	0,1	196	0,2	196	0,9	196	2,3	196	1,9E+2	196	5,1E+2	196	29,1	196	1,0	196	0,3	196	0,9	196	24,9	196	0,0	196	0,0	196	0,0	196	1,6	196	0,0	196	43,4	196	0,3	196	0,0	196	0,2	196	0,0	196	0,0	196	0,0	196	0,0	196	0,0	196	Inf	196	2,3	
197	4,9E+2	197	7,9E+7	197	0,0	197	0,1	197	0,2	197	0,9	197	2,3	197	1,8E+2	197	4,6E+2	197	27,2	197	1,0	197	0,4	197	0,7	197	22,8	197	0,0	197	0,0	197	0,0	197	1,5	197	0,0	197	40,1	197	0,1	197	0,0	197	0,1	197	0,0	197	0,0	197	0,0	197	0,0	197	0,0	197	NaN	197	2,3	
198	4,9E+2	198	7,8E+7	198	0,0	198	0,1	198	0,2	198	0,9	198	2,3	198	1,8E+2	198	4,5E+2	198	27,7	198	0,8	198	0,4	198	0,9	198	22,9	198	0,0	198	0,0	198	0,0	198	1,5	198	0,1	198	40,0	198	0,3	198	0,1	198	0,1	198	0,0	198	0,0	198	0,0	198	0,0	198	0,0	198	NaN	198	2,0	
199	5,2E+2	199	7,5E+7	199	0,0	199	0,1	199	0,2	199	0,9	199	2,5	199	1,8E+2	199	4,5E+2	199	30,0	199	0,9	199	0,2	199	0,8	199	24,3	199	0,0	199	0,0	199	0,0	199	1,4	199	0,1	199	41,0	199	0,2	199	0,0	199	0,1	199	0,0	199	0,0	199	0,0	199	0,0	199	0,0	199	NaN	199	2,2	
200	5,0E+2	200	7,7E+7	200	0,0	200	0,1	200	0,2	200	0,9	200	2,2	200	1,7E+2	200	4,3E+2	200	28,3	200	0,6	200	0,3	200	1,0	200	23,5	200	0,0	200	0,0	200	0,0	200	1,7	200	0,1	200	36,9	200	0,3	200	0,0	200	0,1	200	0,0	200	0,0	200	0,0	200	0,0	200	0,0	200	NaN	200	2,2	
201	5,0E+2	201	7,7E+7	201	0,0	201	0,1	201	0,2	201	0,9	201	2,2	201	1,7E+2	201	4,2E+2	201	26,9	201	0,6	201	0,5	201	0,8	201	23,5	201	0,0	201	0,0	201	0,0	201	1,5	201	0,1	201	36,0	201	0,3	201	0,0	201	0,1	201	0,0	201	0,0	201	0,0	201	0,0	201	0,0	201	NaN	201	2,3	
202	5,1E+2	202	7,6E+7	202	0,0	202	0,1	202	0,2	202	0,9	202	1,9	202	1,7E+2	202	4,1E+2	202	29,0	202	0,7	202	0,2	202	0,7	202	22,5	202	0,0	202	0,0	202	0,0	202	1,7	202	0,1	202	36,9	202	0,3	202	0,0	202	0,1	202	0,0	202	0,0	202	0,0	202	0,0	202	0,0	202	NaN	202	2,0	
203	4,9E+2	203	7,8E+7	203	0,0	203	0,1	203	0,2	203	0,9	203	2,6	203	1,7E+2	203	3,9E+2	203	26,5	203	0,8	203	0,4	203	0,8	203	22,0	203	0,0	203	0,0	203	0,0	203	1,3	203	0,1	203	34,9	203	0,2	203	0,1	203	0,2	203	0,0	203	0,0	203	0,0	203	0,0	203	0,0	203	NaN	203	2,5	
204	5,0E+2	204	7,6E+7	204	0,0	204	0,1	204	0,2	204	0,9	204	2,1	204	1,7E+2	204	4,0E+2	204	28,2	204	0,7	204	0,2	204	0,9	204	23,1	204	0,0	204	0,0	204	0,0	204	1,7	204	0,0	204	34,2	204	0,2	204	0,0	204	0,2	204	0,0	204	0,0	204	0,0	204	0,0	204	0,0	204	NaN	204	2,4	
205	4,8E+2	205	7,8E+7	205	0,0	205	0,1	205	0,2	205	0,9	205	1,9	205	1,6E+2	205	3,8E+2	205	27,1	205	0,7	205	0,3	205	0,8	205	21,4	205	0,0	205	0,0	205	0,0	205	1,3	205	0,1	205	32,3	205	0,3	205	0,0	205	0,1	205	0,0	205	0,1	205	0,0	205	0,0	205	0,0	205	NaN	205	2,1	
206	4,7E+2	206	7,9E+7	206	0,0	206	0,1	206	0,2	206	0,9	206	2,1	206	1,6E+2	206	3,6E+2	206	25,5	206	0,7	206	0,3	206	0,7	206	21,4	206	0,0	206	0,0	206	0,0	206	1,3	206	0,1	206	30,1	206	0,3	206	0,0	206	0,1	206	0,0	206	0,0	206	0,0	206	0,0	206	0,0	206	NaN	206	1,9	
207	4,7E+2	207	8,0E+7	207	0,0	207	0,1	207	0,2	207	0,9	207	2,0	207	1,5E+2	207	3,5E+2	207	25,9	207	0,6	207	0,3	207	0,7	207	21,5	207	0,0	207	0,0	207	0,0	207	1,3	207	0,1	207	30,5	207	0,3	207	0,0	207	0,1	207	0,0	207	0,0	207	0,0	207	0,0	207	0,0	207	NaN	207	2,4	
208	5,0E+2	208	7,6E+7	208	0,0	208	0,1	208	0,2	208	0,9	208	2,3	208	1,6E+2	208	3,6E+2	208	27,4	208	0,7	208	0,4	208	0,8	208	22,0	208	0,0	208	0,0	208	0,0	208	1,3	208	0,1	208	30,2	208	0,3	208	0,0	208	0,1	208	0,0	208	0,0	208	0,0	208	0,0	208	0,0	208	NaN	208	1,9	
209	5,0E+2	209	7,7E+7	209	0,0	209	0,1	209	0,2	209	0,9	209	2,6	209	1,6E+2	209	3,5E+2	209	26,2	209	0,7	209	0,2	209	0,8	209	21,0	209	0,0	209	0,0	209	0,0	209	1,4	209	0,2	209	31,1	209	0,2	209	0,0	209	0,1	209	0,0	209	0,0	209	0,0	209	0,0	209	0,0	209	NaN	209	2,2	
210	4,8E+2	210	7,8E+7	210	0,0	210	0,1	210	0,2	210	0,9	210	2,1	210	1,5E+2	210	3,4E+2	210	26,3	210	0,6	210	0,3	210	0,5	210	22,0	210	0,0	210	0,0	210	0,0	210	1,3	210	0,0	210	29,5	210	0,3	210	0,0	210	0,1	210	0,0	210	0,0	210	0,0	210	0,0	210	0,0	210	NaN	210	2,0	
211	4,8E+2	211	7,7E+7	211	0,0	211	0,1	211	0,2	211	0,9	211	2,5	211	1,5E+2	211	3,3E+2	211	26,4	211	0,5	211	0,3	211	0,5	211	21,3	211	0,0	211	0,0	211	0,0	211	1,6	211	0,1	211	29,8	211	0,3	211	0,0	211	0,1	211	0,0	211	0,0	211	0,0	211	0,0	211	0,0	211	NaN	211	1,7	
212	4,9E+2	212	7,8E+7	212	0,0	212	0,1	212	0,2	212	0,9	212	2,1	212	1,5E+2	212	3,3E+2	212	26,6	212	0,7	212	0,3	212	0,6	212	21,2	212	0,0	212	0,0	212	0,0	212	1,4	212	0,0	212	28,7	212	0,3	212	0,1	212	0,1	212	0,0	212	0,0	212	0,0	212	0,0	212	0,0	212	Inf	212	2,1	
213	5,1E+2	213	7,6E+7	213	0,0	213	0,1	213	0,2	213	0,9	213	2,5	213	1,2E+2	213	2,1E+2	213	7,6	213	0,9	213	0,2	213	1,3	213	24,5	213	0,0	213	0,0	213	0,0	213	8,6	213	0,1	213	1,8E+2	213	0,3	213	0,0	213	0,1	213	0,0	213	0,1	213	0,0	213	0,0	213	0,0	213	NaN	213	3,7	
214	5,0E+2	214	7,5E+7	214	0,0	214	0,1	214	0,2	214	1,0	214	2,6	214	4,4E+2	214	8,5E+2	214	47,0	214	1,4	214	0,4	214	2,4	214	23,2	214	0,0	214	0,0	214	0,0	214	2,3	214	0,1	214	61,2	214	0,2	214	0,0	214	0,1	214	0,0	214	0,1	214	0,0	214	0,0	214	0,0	214	NaN	214	2,3	
215	5,1E+2	215	7,6E+7	215	0,0	215	0,1	215	0,2	215	0,9	215	2,4	215	2,7E+2	215	6,1E+2	215	34,1	215	1,0	215	0,4	215	1,7	215	23,2	215	0,0	215	0,0	215	0,0	215	1,8	215	0,1	215	54,1	215	0,3	215	0,1	215	0,1	215	0,0	215	0,1	215	0,0	215	0,0	215	0,0	215	NaN	215	1,9	
216	5,0E+2	216	7,7E+7	216	0,0	216	0,1	216	0,2	216	0,9	216	2,3	216	2,6E+2	216	5,7E+2	216	33,5	216	1,1	216	0,3	216	1,7	216	22,9	216	0,0	216	0,0	216	0,0	216	1,9	216	0,1	216	51,1	216	0,3	216	0,1	216	0,1	216	0,0	216	0,1	216	0,0	216	0,0	216	0,0	216	NaN	216	2,0	
217	4,9E+2	217	7,7E+7	217	0,0	217	0,1	217	0,2	217	0,8	217	2,3	217	2,5E+2	217	5,4E+2	217	33,5	217	0,8	217	0,4	217	1,6	217	22,1	217	0,0	217	0,0	217	0,0	217	1,8	217	0,1	217	46,7	217	0,2	217	0,0	217	0,1	217	0,0	217	0,1	217	0,0	217	0,0	217	0,0	217	Inf	217	2,4	
218	5,0E+2	218	7,6E+7	218	0,0	218	0,1	218	0,2	218	0,9	218	1,9	218	2,5E+2	218	5,3E+2	218	33,5	218	0,9	218	0,4	218	1,4	218	23,1	218	0,0	218	0,0	218	0,0	218	2,1	218	0,1	218	45,0	218	0,3	218	0,0	218	0,2	218	0,0	218	0,0	218	0,0	218	0,0	218	0,0	218	Inf	218	2,1	
219	4,8E+2	219	7,8E+7	219	0,0	219	0,1	219	0,2	219	0,8	219	2,1	219	2,4E+2	219	5,0E+2	219	32,9	219	0,9	219	0,3	219	1,5	219	22,8	219	0,0	219	0,0	219	0,0	219	1,6	219	0,1	219	43,7	219	0,1	219	0,1	219	0,1	219	0,0	219	0,0	219	0,0	219	0,0	219	0,0	219	NaN	219	1,8	
220	4,9E+2	220	7,7E+7	220	0,0	220	0,1	220	0,2	220	0,9	220	2,3	220	2,4E+2	220	4,8E+2	220	32,2	220	1,0	220	0,3	220	1,3	220	22,3	220	0,0	220	0,0	220	0,0	220	1,8	220	0,0	220	41,6	220	0,3	220	0,0	220	0,1	220	0,0	220	0,0	220	0,0	220	0,0	220	0,0	220	NaN	220	2,3	
221	5,1E+2	221	7,5E+7	221	0,0	221	0,1	221	0,2	221	0,9	221	2,3	221	2,4E+2	221	4,8E+2	221	34,0	221	0,9	221	0,2	221	1,4	221	22,8	221	0,0	221	0,0	221	0,0	221	2,0	221	0,1	221	43,0	221	0,1	221	0,0	221	0,1	221	0,0	221	0,0	221	0,0	221	0,0	221	0,0	221	NaN	221	2,0	
222	5,2E+2	222	7,4E+7	222	0,0	222	0,1	222	0,2	222	0,9	222	1,9	222	2,4E+2	222	4,6E+2	222	34,6	222	0,9	222	0,3	222	1,3	222	22,9	222	0,0	222	0,0	222	0,0	222	1,7	222	0,0	222	41,4	222	0,3	222	0,0	222	0,1	222	0,0	222	0,0	222	0,0	222	0,0	222	0,0	222	NaN	222	2,0	
223	4,8E+2	223	7,8E+7	223	0,0	223	0,1	223	0,2	223	0,8	223	2,3	223	2,2E+2	223	4,2E+2	223	33,0	223	0,9	223	0,3	223	1,3	223	22,7	223	0,0	223	0,0	223	0,0	223	1,6	223	0,1	223	37,5	223	0,2	223	0,0	223	0,1	223	0,0	223	0,0	223	0,0	223	0,0	223	0,0	223	NaN	223	2,2	
224	4,7E+2	224	7,8E+7	224	0,0	224	0,1	224	0,2	224	0,8	224	1,9	224	2,2E+2	224	4,1E+2	224	31,9	224	0,8	224	0,3	224	1,1	224	21,6	224	0,0	224	0,0	224	0,0	224	1,7	224	0,0	224	36,4	224	0,2	224	0,0	224	0,1	224	0,0	224	0,0	224	0,0	224	0,0	224	0,0	224	NaN	224	1,8	
225	4,7E+2	225	7,8E+7	225	0,0	225	0,1	225	0,2	225	0,8	225	1,8	225	2,2E+2	225	4,0E+2	225	33,3	225	0,9	225	0,2	225	1,2	225	22,3	225	0,0	225	0,0	225	0,0	225	1,7	225	0,1	225	35,0	225	0,2	225	0,0	225	0,1	225	0,0	225	0,0	225	0,0	225	0,0	225	0,0	225	NaN	225	2,2	
226	4,9E+2	226	7,8E+7	226	0,0	226	0,1	226	0,2	226	0,8	226	2,1	226	2,2E+2	226	3,8E+2	226	33,1	226	0,6	226	0,3	226	1,1	226	23,2	226	0,0	226	0,0	226	0,0	226	1,9	226	0,1	226	34,4	226	0,3	226	0,0	226	0,1	226	0,0	226	0,0	226	0,0	226	0,0	226	0,0	226	NaN	226	2,3	
227	4,9E+2	227	7,7E+7	227	0,0	227	0,1	227	0,2	227	0,8	227	2,3	227	2,1E+2	227	3,7E+2	227	33,2	227	0,6	227	0,3	227	1,2	227	22,9	227	0,0	227	0,0	227	0,0	227	1,8	227	0,0	227	32,4	227	0,3	227	0,1	227	0,2	227	0,0	227	0,0	227	0,0	227	0,0	227	0,0	227	NaN	227	2,1	
228	4,8E+2	228	7,8E+7	228	0,0	228	0,1	228	0,2	228	0,9	228	1,9	228	2,1E+2	228	3,5E+2	228	31,8	228	0,7	228	0,3	228	1,2	228	22,8	228	0,0	228	0,0	228	0,0	228	2,0	228	0,1	228	31,1	228	0,2	228	0,0	228	0,2	228	0,0	228	0,0	228	0,0	228	0,0	228	0,0	228	NaN	228	2,1	
229	4,7E+2	229	8,0E+7	229	0,0	229	0,1	229	0,2	229	0,8	229	1,9	229	2,0E+2	229	3,3E+2	229	32,3	229	0,9	229	0,3	229	1,1	229	22,3	229	0,0	229	0,0	229	0,0	229	1,5	229	0,1	229	30,4	229	0,2	229	0,0	229	0,2	229	0,0	229	0,0	229	0,0	229	0,0	229	0,0	229	NaN	229	2,2	
230	5,0E+2	230	7,5E+7	230	0,0	230	0,1	230	0,2	230	0,9	230	2,3	230	2,1E+2	230	3,5E+2	230	33,5	230	0,8	230	0,3	230	1,2	230	24,1	230	0,0	230	0,0	230	0,0	230	1,8	230	0,1	230	30,7	230	0,2	230	0,1	230	0,1	230	0,0	230	0,0	230	0,0	230	0,0	230	0,0	230	NaN	230	1,9	
231	4,7E+2	231	7,8E+7	231	0,0	231	0,1	231	0,2	231	0,8	231	2,1	231	1,9E+2	231	3,2E+2	231	31,3	231	0,6	231	0,3	231	1,3	231	22,6	231	0,0	231	0,0	231	0,0	231	1,3	231	0,0	231	27,6	231	0,2	231	0,1	231	0,2	231	0,0	231	0,0	231	0,0	231	0,0	231	0,0	231	Inf	231	1,8	
232	4,9E+2	232	7,7E+7	232	0,0	232	0,1	232	0,2	232	0,8	232	2,2	232	1,9E+2	232	3,1E+2	232	31,6	232	0,6	232	0,4	232	1,2	232	23,7	232	0,0	232	0,0	232	0,0	232	1,6	232	0,0	232	27,8	232	0,2	232	0,0	232	0,1	232	0,0	232	0,0	232	0,0	232	0,0	232	0,0	232	NaN	232	1,9	
233	4,8E+2	233	7,7E+7	233	0,0	233	0,1	233	0,2	233	0,8	233	1,7	233	1,9E+2	233	3,0E+2	233	31,9	233	0,6	233	0,3	233	1,0	233	22,7	233	0,0	233	0,0	233	0,0	233	1,4	233	0,1	233	27,1	233	0,2	233	0,0	233	0,2	233	0,0	233	0,0	233	0,0	233	0,0	233	0,0	233	Inf	233	2,2	
234	4,8E+2	234	7,9E+7	234	0,0	234	0,1	234	0,2	234	0,8	234	2,4	234	1,9E+2	234	2,9E+2	234	30,8	234	0,7	234	0,3	234	0,9	234	22,2	234	0,0	234	0,0	234	0,0	234	1,2	234	0,1	234	25,0	234	0,3	234	0,1	234	0,1	234	0,0	234	0,0	234	0,0	234	0,0	234	0,0	234	NaN	234	2,0	
235	4,9E+2	235	7,6E+7	235	0,0	235	0,1	235	0,2	235	0,9	235	2,0	235	2,7E+2	235	4,4E+2	235	41,1	235	0,9	235	0,4	235	1,7	235	23,2	235	0,0	235	0,0	235	0,0	235	1,1	235	0,1	235	36,1	235	0,3	235	0,0	235	0,1	235	0,0	235	0,0	235	0,0	235	0,0	235	0,0	235	NaN	235	7,6	
236	5,0E+2	236	7,6E+7	236	0,0	236	0,1	236	0,2	236	1,2	236	4,3	236	9,5E+2	236	1,5E+3	236	82,9	236	2,4	236	0,4	236	3,8	236	25,7	236	0,0	236	0,0	236	0,0	236	5,0	236	0,1	236	1,2E+2	236	0,2	236	0,1	236	0,1	236	0,0	236	0,2	236	0,0	236	0,0	236	0,0	236	NaN	236	2,8	
237	4,8E+2	237	7,7E+7	237	0,0	237	0,1	237	0,2	237	0,9	237	2,0	237	5,8E+2	237	1,2E+3	237	58,9	237	1,9	237	0,4	237	3,5	237	25,8	237	0,0	237	0,0	237	0,0	237	4,3	237	0,1	237	1,1E+2	237	0,3	237	0,0	237	0,2	237	0,0	237	0,1	237	0,0	237	0,0	237	0,0	237	NaN	237	2,3	
238	4,7E+2	238	7,8E+7	238	0,0	238	0,1	238	0,2	238	0,9	238	2,5	238	5,3E+2	238	1,1E+3	238	59,2	238	1,6	238	0,4	238	3,1	238	23,4	238	0,0	238	0,0	238	0,0	238	3,5	238	0,0	238	99,9	238	0,3	238	0,0	238	0,1	238	0,0	238	0,1	238	0,0	238	0,0	238	0,0	238	NaN	238	2,5	
239	4,8E+2	239	7,7E+7	239	0,0	239	0,1	239	0,2	239	0,9	239	2,5	239	5,1E+2	239	1,1E+3	239	55,7	239	1,6	239	0,4	239	3,4	239	25,2	239	0,0	239	0,0	239	0,0	239	3,5	239	0,1	239	98,0	239	0,3	239	0,1	239	0,1	239	0,0	239	0,2	239	0,0	239	0,0	239	0,0	239	Inf	239	2,5	
240	4,8E+2	240	7,6E+7	240	0,0	240	0,1	240	0,2	240	0,9	240	2,1	240	5,0E+2	240	1,0E+3	240	58,3	240	1,8	240	0,3	240	3,2	240	25,9	240	0,0	240	0,0	240	0,0	240	3,6	240	0,1	240	92,4	240	0,4	240	0,0	240	0,1	240	0,0	240	0,1	240	0,0	240	0,0	240	0,0	240	Inf	240	2,3	
241	4,8E+2	241	7,7E+7	241	0,0	241	0,1	241	0,2	241	0,9	241	2,8	241	4,7E+2	241	9,9E+2	241	56,1	241	1,5	241	0,3	241	3,0	241	26,9	241	0,0	241	0,0	241	0,0	241	3,4	241	0,0	241	88,2	241	0,3	241	0,0	241	0,2	241	0,0	241	0,1	241	0,0	241	0,0	241	0,0	241	NaN	241	2,2	
242	4,7E+2	242	7,8E+7	242	0,0	242	0,1	242	0,2	242	0,9	242	2,4	242	4,5E+2	242	9,3E+2	242	55,5	242	1,5	242	0,3	242	3,0	242	26,3	242	0,0	242	0,0	242	0,0	242	3,1	242	0,0	242	83,4	242	0,3	242	0,0	242	0,2	242	0,0	242	0,1	242	0,0	242	0,0	242	0,0	242	NaN	242	2,3	
243	4,9E+2	243	7,6E+7	243	0,0	243	0,1	243	0,2	243	0,9	243	2,3	243	4,3E+2	243	8,9E+2	243	52,8	243	1,5	243	0,3	243	2,8	243	27,0	243	0,0	243	0,0	243	0,0	243	3,2	243	0,1	243	80,2	243	0,2	243	0,0	243	0,2	243	0,0	243	0,1	243	0,0	243	0,0	243	0,0	243	NaN	243	2,0	
244	4,7E+2	244	7,8E+7	244	0,0	244	0,1	244	0,2	244	0,9	244	2,1	244	4,1E+2	244	8,4E+2	244	52,9	244	1,5	244	0,4	244	2,8	244	26,6	244	0,0	244	0,0	244	0,0	244	3,4	244	0,1	244	76,5	244	0,3	244	0,1	244	0,2	244	0,0	244	0,1	244	0,0	244	0,0	244	0,0	244	NaN	244	2,4	
245	4,7E+2	245	7,9E+7	245	0,0	245	0,1	245	0,2	245	0,9	245	2,2	245	3,9E+2	245	7,8E+2	245	51,3	245	1,3	245	0,4	245	2,6	245	26,3	245	0,0	245	0,0	245	0,0	245	3,1	245	0,1	245	70,4	245	0,2	245	0,0	245	0,2	245	0,0	245	0,0	245	0,0	245	0,0	245	0,0	245	NaN	245	2,2	
246	4,7E+2	246	7,8E+7	246	0,0	246	0,1	246	0,2	246	0,9	246	2,1	246	3,8E+2	246	7,5E+2	246	50,1	246	1,2	246	0,4	246	2,3	246	26,8	246	0,0	246	0,0	246	0,0	246	2,9	246	0,1	246	68,1	246	0,3	246	0,1	246	0,1	246	0,0	246	0,1	246	0,0	246	0,0	246	0,0	246	NaN	246	2,3	
247	4,7E+2	247	7,9E+7	247	0,0	247	0,1	247	0,2	247	0,9	247	2,6	247	3,6E+2	247	7,1E+2	247	48,7	247	1,1	247	0,3	247	2,6	247	26,7	247	0,0	247	0,0	247	0,0	247	3,1	247	0,0	247	63,1	247	0,3	247	0,0	247	0,1	247	0,0	247	0,1	247	0,0	247	0,0	247	0,0	247	NaN	247	2,0	
248	4,7E+2	248	8,0E+7	248	0,0	248	0,1	248	0,2	248	0,9	248	2,1	248	3,5E+2	248	6,7E+2	248	47,1	248	1,2	248	0,3	248	2,3	248	25,4	248	0,0	248	0,0	248	0,0	248	2,5	248	0,0	248	60,1	248	0,2	248	0,0	248	0,2	248	0,0	248	0,1	248	0,0	248	0,0	248	0,0	248	NaN	248	2,2	
249	4,8E+2	249	7,7E+7	249	0,0	249	0,1	249	0,2	249	0,9	249	2,2	249	3,4E+2	249	6,7E+2	249	47,5	249	1,3	249	0,4	249	2,4	249	27,1	249	0,0	249	0,0	249	0,0	249	2,6	249	0,1	249	58,8	249	0,3	249	0,0	249	0,2	249	0,0	249	0,0	249	0,0	249	0,0	249	0,0	249	NaN	249	2,5	
250	4,7E+2	250	7,9E+7	250	0,0	250	0,1	250	0,2	250	0,9	250	1,9	250	3,2E+2	250	6,3E+2	250	45,5	250	1,0	250	0,5	250	1,9	250	26,2	250	0,0	250	0,0	250	0,0	250	2,4	250	0,0	250	56,0	250	0,2	250	0,1	250	0,1	250	0,0	250	0,1	250	0,0	250	0,0	250	0,0	250	NaN	250	2,1	
251	4,8E+2	251	7,8E+7	251	0,0	251	0,1	251	0,2	251	0,9	251	1,8	251	3,2E+2	251	6,1E+2	251	46,2	251	1,3	251	0,4	251	2,2	251	25,9	251	0,0	251	0,0	251	0,0	251	2,7	251	0,1	251	53,8	251	0,4	251	0,0	251	0,1	251	0,0	251	0,1	251	0,0	251	0,0	251	0,0	251	NaN	251	1,9	
252	4,8E+2	252	7,8E+7	252	0,0	252	0,1	252	0,2	252	0,9	252	2,3	252	3,1E+2	252	5,9E+2	252	46,0	252	0,9	252	0,3	252	2,0	252	26,7	252	0,0	252	0,0	252	0,0	252	2,5	252	0,1	252	52,6	252	0,3	252	0,0	252	0,1	252	0,0	252	0,1	252	0,0	252	0,0	252	0,0	252	Inf	252	2,2	
253	4,9E+2	253	7,6E+7	253	0,0	253	0,1	253	0,2	253	0,9	253	2,4	253	3,1E+2	253	5,7E+2	253	45,0	253	1,3	253	0,2	253	2,0	253	26,9	253	0,0	253	0,0	253	0,0	253	2,4	253	0,1	253	51,4	253	0,2	253	0,0	253	0,2	253	0,0	253	0,0	253	0,0	253	0,0	253	0,0	253	NaN	253	2,0	
254	4,8E+2	254	7,7E+7	254	0,0	254	0,1	254	0,2	254	0,9	254	2,4	254	3,0E+2	254	5,5E+2	254	43,7	254	1,1	254	0,4	254	2,1	254	26,4	254	0,0	254	0,0	254	0,0	254	2,1	254	0,1	254	49,1	254	0,3	254	0,1	254	0,1	254	0,0	254	0,0	254	0,0	254	0,0	254	0,0	254	NaN	254	2,2	
255	4,7E+2	255	7,8E+7	255	0,0	255	0,1	255	0,2	255	0,9	255	2,3	255	2,8E+2	255	5,2E+2	255	43,8	255	0,9	255	0,3	255	1,5	255	25,8	255	0,0	255	0,0	255	0,0	255	2,3	255	0,1	255	45,5	255	0,2	255	0,0	255	0,2	255	0,0	255	0,0	255	0,0	255	0,0	255	0,0	255	NaN	255	2,1	
256	4,8E+2	256	7,6E+7	256	0,0	256	0,1	256	0,2	256	0,9	256	2,1	256	2,9E+2	256	5,1E+2	256	44,4	256	0,9	256	0,2	256	1,8	256	26,4	256	0,0	256	0,0	256	0,0	256	2,2	256	0,1	256	45,5	256	0,2	256	0,0	256	0,2	256	0,0	256	0,0	256	0,0	256	0,0	256	0,0	256	NaN	256	2,4	
257	4,8E+2	257	7,7E+7	257	0,0	257	0,1	257	0,2	257	0,9	257	2,1	257	4,2E+2	257	5,8E+2	257	54,1	257	0,8	257	0,4	257	1,9	257	25,8	257	0,0	257	0,0	257	0,0	257	2,9	257	0,0	257	54,6	257	0,4	257	0,0	257	0,2	257	0,0	257	0,0	257	0,0	257	0,0	257	0,0	257	NaN	257	10,3	
258	5,2E+2	258	7,7E+7	258	0,0	258	0,1	258	0,2	258	1,3	258	4,7	258	9,7E+2	258	1,2E+3	258	57,5	258	1,9	258	0,4	258	5,2	258	28,2	258	0,0	258	0,0	258	0,0	258	6,6	258	0,1	258	1,2E+2	258	0,3	258	0,0	258	0,2	258	0,0	258	0,2	258	0,0	258	0,0	258	0,0	258	NaN	258	2,5	
259	4,9E+2	259	7,7E+7	259	0,0	259	0,1	259	0,2	259	1,0	259	2,6	259	7,3E+2	259	1,1E+3	259	52,2	259	1,5	259	0,3	259	5,1	259	26,5	259	0,0	259	0,0	259	0,0	259	5,0	259	0,0	259	1,0E+2	259	0,4	259	0,1	259	0,2	259	0,0	259	0,1	259	0,0	259	0,0	259	0,0	259	NaN	259	2,5	
260	4,7E+2	260	7,9E+7	260	0,0	260	0,1	260	0,2	260	0,9	260	2,5	260	6,4E+2	260	1,0E+3	260	48,5	260	1,3	260	0,3	260	4,2	260	23,6	260	0,0	260	0,0	260	0,0	260	4,2	260	0,0	260	92,6	260	0,3	260	0,1	260	0,2	260	0,0	260	0,1	260	0,0	260	0,0	260	0,0	260	NaN	260	2,2	
261	4,8E+2	261	7,6E+7	261	0,0	261	0,1	261	0,2	261	0,9	261	2,4	261	6,1E+2	261	9,9E+2	261	48,5	261	1,7	261	0,3	261	4,5	261	24,8	261	0,0	261	0,0	261	0,0	261	4,5	261	0,1	261	89,3	261	0,2	261	0,1	261	0,1	261	0,0	261	0,1	261	0,0	261	0,0	261	0,0	261	NaN	261	2,7	
262	4,7E+2	262	7,8E+7	262	0,0	262	0,1	262	0,2	262	0,9	262	2,5	262	5,6E+2	262	9,2E+2	262	46,1	262	1,4	262	0,4	262	3,8	262	25,1	262	0,0	262	0,0	262	0,0	262	3,9	262	0,1	262	84,9	262	0,3	262	0,0	262	0,2	262	0,0	262	0,1	262	0,0	262	0,0	262	0,0	262	NaN	262	2,7	
263	5,0E+2	263	7,5E+7	263	0,0	263	0,1	263	0,2	263	0,9	263	2,0	263	5,5E+2	263	9,1E+2	263	46,0	263	1,4	263	0,3	263	4,0	263	24,7	263	0,0	263	0,0	263	0,0	263	3,9	263	0,1	263	84,7	263	0,2	263	0,1	263	0,2	263	0,0	263	0,1	263	0,0	263	0,0	263	0,0	263	Inf	263	2,5	
264	4,9E+2	264	7,8E+7	264	0,0	264	0,1	264	0,2	264	0,9	264	2,4	264	5,1E+2	264	8,4E+2	264	43,5	264	1,4	264	0,3	264	3,9	264	24,8	264	0,0	264	0,0	264	0,0	264	4,0	264	0,1	264	76,1	264	0,4	264	0,0	264	0,1	264	0,0	264	0,1	264	0,0	264	0,0	264	0,0	264	NaN	264	2,3	
265	4,6E+2	265	7,9E+7	265	0,0	265	0,1	265	0,2	265	0,9	265	2,3	265	4,8E+2	265	7,9E+2	265	41,2	265	1,4	265	0,3	265	3,3	265	24,0	265	0,0	265	0,0	265	0,0	265	3,3	265	0,0	265	71,3	265	0,3	265	0,0	265	0,1	265	0,0	265	0,1	265	0,0	265	0,0	265	0,0	265	NaN	265	2,0	
266	4,6E+2	266	7,9E+7	266	0,0	266	0,1	266	0,2	266	0,9	266	2,3	266	4,8E+2	266	7,7E+2	266	41,0	266	1,3	266	0,2	266	3,8	266	23,8	266	0,0	266	0,0	266	0,0	266	3,4	266	0,1	266	70,2	266	0,2	266	0,0	266	0,1	266	0,0	266	0,0	266	0,0	266	0,0	266	0,0	266	NaN	266	2,5	
267	4,8E+2	267	7,9E+7	267	0,0	267	0,1	267	0,2	267	0,9	267	2,1	267	4,7E+2	267	7,6E+2	267	40,1	267	1,4	267	0,4	267	3,4	267	24,2	267	0,0	267	0,0	267	0,0	267	3,2	267	0,1	267	67,6	267	0,3	267	0,0	267	0,1	267	0,0	267	0,0	267	0,0	267	0,0	267	0,0	267	Inf	267	2,2	
268	4,8E+2	268	7,7E+7	268	0,0	268	0,1	268	0,2	268	0,9	268	2,2	268	4,6E+2	268	7,4E+2	268	40,3	268	1,3	268	0,4	268	3,5	268	24,9	268	0,0	268	0,0	268	0,0	268	3,5	268	0,0	268	67,3	268	0,2	268	0,0	268	0,2	268	0,0	268	0,0	268	0,0	268	0,0	268	0,0	268	NaN	268	2,3	
269	4,9E+2	269	7,6E+7	269	0,0	269	0,1	269	0,2	269	0,9	269	2,3	269	4,6E+2	269	7,4E+2	269	42,8	269	1,2	269	0,4	269	3,2	269	24,1	269	0,0	269	0,0	269	0,0	269	3,5	269	0,1	269	66,0	269	0,3	269	0,0	269	0,1	269	0,0	269	0,0	269	0,0	269	0,0	269	0,0	269	NaN	269	2,4	
270	4,6E+2	270	8,1E+7	270	0,0	270	0,1	270	0,2	270	0,9	270	2,1	270	4,2E+2	270	6,7E+2	270	38,5	270	1,2	270	0,3	270	3,1	270	22,8	270	0,0	270	0,0	270	0,0	270	3,0	270	0,1	270	59,7	270	0,2	270	0,1	270	0,1	270	0,0	270	0,1	270	0,0	270	0,0	270	0,0	270	NaN	270	2,1	
271	4,6E+2	271	8,0E+7	271	0,0	271	0,1	271	0,2	271	0,9	271	2,3	271	4,2E+2	271	6,6E+2	271	38,7	271	1,2	271	0,4	271	2,8	271	23,8	271	0,0	271	0,0	271	0,0	271	2,9	271	0,0	271	60,7	271	0,3	271	0,0	271	0,1	271	0,0	271	0,1	271	0,0	271	0,0	271	0,0	271	NaN	271	2,2	
272	4,8E+2	272	7,7E+7	272	0,0	272	0,1	272	0,2	272	0,9	272	2,5	272	4,2E+2	272	6,7E+2	272	40,7	272	1,3	272	0,3	272	3,3	272	24,6	272	0,0	272	0,0	272	0,0	272	3,2	272	0,0	272	59,4	272	0,2	272	0,0	272	0,2	272	0,0	272	0,1	272	0,0	272	0,0	272	0,0	272	NaN	272	2,2	
273	4,8E+2	273	7,7E+7	273	0,0	273	0,1	273	0,2	273	0,9	273	2,2	273	4,2E+2	273	6,6E+2	273	38,6	273	0,9	273	0,4	273	3,2	273	24,4	273	0,0	273	0,0	273	0,0	273	3,0	273	0,1	273	58,4	273	0,2	273	0,1	273	0,1	273	0,0	273	0,0	273	0,0	273	0,0	273	0,0	273	Inf	273	2,3	
274	4,7E+2	274	7,9E+7	274	0,0	274	0,1	274	0,2	274	0,9	274	2,2	274	3,9E+2	274	6,1E+2	274	38,3	274	1,3	274	0,3	274	2,9	274	24,3	274	0,0	274	0,0	274	0,0	274	2,9	274	0,0	274	54,6	274	0,3	274	0,1	274	0,2	274	0,0	274	0,0	274	0,0	274	0,0	274	0,0	274	NaN	274	2,1	
275	4,8E+2	275	7,8E+7	275	0,0	275	0,1	275	0,2	275	0,9	275	2,1	275	4,0E+2	275	6,0E+2	275	38,4	275	1,2	275	0,3	275	2,6	275	24,6	275	0,0	275	0,0	275	0,0	275	2,7	275	0,0	275	54,5	275	0,2	275	0,1	275	0,2	275	0,0	275	0,0	275	0,0	275	0,0	275	0,0	275	NaN	275	2,0	
276	4,6E+2	276	7,9E+7	276	0,0	276	0,1	276	0,2	276	0,9	276	2,3	276	3,9E+2	276	5,8E+2	276	37,9	276	1,1	276	0,3	276	2,7	276	24,2	276	0,0	276	0,0	276	0,0	276	2,9	276	0,0	276	51,5	276	0,3	276	0,1	276	0,2	276	0,0	276	0,0	276	0,0	276	0,0	276	0,0	276	NaN	276	1,9	
277	4,9E+2	277	7,7E+7	277	0,0	277	0,1	277	0,2	277	0,9	277	2,2	277	3,8E+2	277	5,9E+2	277	37,4	277	0,9	277	0,3	277	2,8	277	24,0	277	0,0	277	0,0	277	0,0	277	3,0	277	0,0	277	53,4	277	0,3	277	0,1	277	0,1	277	0,0	277	0,0	277	0,0	277	0,0	277	0,0	277	NaN	277	2,6	
278	4,7E+2	278	7,9E+7	278	0,0	278	0,1	278	0,2	278	0,9	278	2,3	278	3,6E+2	278	5,5E+2	278	35,7	278	1,1	278	0,3	278	2,6	278	24,1	278	0,0	278	0,0	278	0,0	278	2,9	278	0,1	278	48,8	278	0,3	278	0,0	278	0,1	278	0,0	278	0,0	278	0,0	278	0,0	278	0,0	278	NaN	278	1,9	
279	4,8E+2	279	7,7E+7	279	0,0	279	0,1	279	0,2	279	0,9	279	1,7	279	3,7E+2	279	5,5E+2	279	38,4	279	0,9	279	0,3	279	2,5	279	23,7	279	0,0	279	0,0	279	0,0	279	3,0	279	0,1	279	49,4	279	0,2	279	0,0	279	0,2	279	0,0	279	0,0	279	0,0	279	0,0	279	0,0	279	NaN	279	2,2	
280	4,5E+2	280	8,0E+7	280	0,0	280	0,1	280	0,2	280	0,9	280	2,1	280	3,4E+2	280	5,7E+2	280	45,3	280	1,4	280	0,3	280	3,2	280	23,4	280	0,0	280	0,0	280	0,0	280	2,4	280	0,0	280	13,0	280	0,2	280	0,0	280	0,2	280	0,0	280	0,0	280	0,0	280	0,0	280	0,0	280	NaN	280	6,5	
281	4,8E+2	281	7,9E+7	281	0,0	281	0,1	281	0,2	281	1,0	281	3,3	281	4,8E+2	281	9,8E+2	281	48,7	281	1,9	281	0,4	281	3,0	281	25,3	281	0,0	281	0,0	281	0,0	281	4,5	281	0,0	281	1,4E+2	281	0,3	281	0,0	281	0,1	281	0,0	281	0,2	281	0,0	281	0,0	281	0,0	281	NaN	281	2,9	
282	4,7E+2	282	7,5E+7	282	0,0	282	0,1	282	0,2	282	1,0	282	2,1	282	6,1E+2	282	1,5E+3	282	86,2	282	2,8	282	0,4	282	3,9	282	30,3	282	0,0	282	0,0	282	0,0	282	4,4	282	0,0	282	1,4E+2	282	0,3	282	0,0	282	0,1	282	0,0	282	0,1	282	0,0	282	0,0	282	0,0	282	NaN	282	2,6	
283	4,7E+2	283	7,8E+7	283	0,0	283	0,1	283	0,2	283	0,9	283	2,5	283	5,0E+2	283	1,3E+3	283	74,9	283	2,2	283	0,4	283	3,4	283	33,0	283	0,0	283	0,0	283	0,0	283	3,7	283	0,1	283	1,2E+2	283	0,3	283	0,0	283	0,2	283	0,0	283	0,1	283	0,0	283	0,0	283	0,0	283	NaN	283	2,7	
284	4,8E+2	284	7,6E+7	284	0,0	284	0,1	284	0,2	284	0,9	284	2,8	284	4,8E+2	284	1,2E+3	284	74,0	284	2,1	284	0,5	284	3,1	284	35,5	284	0,0	284	0,0	284	0,0	284	3,5	284	0,0	284	1,1E+2	284	0,4	284	0,0	284	0,2	284	0,0	284	0,2	284	0,0	284	0,0	284	0,0	284	NaN	284	2,6	
285	4,8E+2	285	7,6E+7	285	0,0	285	0,1	285	0,2	285	0,9	285	2,4	285	4,6E+2	285	1,2E+3	285	72,8	285	2,1	285	0,6	285	2,7	285	37,5	285	0,0	285	0,0	285	0,0	285	3,2	285	0,1	285	1,1E+2	285	0,4	285	0,0	285	0,3	285	0,0	285	0,1	285	0,0	285	0,0	285	0,0	285	NaN	285	2,3	
286	4,8E+2	286	7,5E+7	286	0,0	286	0,1	286	0,2	286	0,9	286	2,9	286	4,5E+2	286	1,1E+3	286	71,4	286	2,0	286	0,3	286	2,8	286	38,3	286	0,0	286	0,0	286	0,0	286	3,1	286	0,0	286	1,0E+2	286	0,4	286	0,0	286	0,2	286	0,0	286	0,1	286	0,0	286	0,0	286	0,0	286	NaN	286	2,3	
287	4,6E+2	287	7,9E+7	287	0,0	287	0,1	287	0,2	287	0,9	287	2,5	287	4,1E+2	287	1,0E+3	287	66,5	287	1,7	287	0,5	287	2,8	287	36,4	287	0,0	287	0,0	287	0,0	287	3,3	287	0,0	287	94,4	287	0,4	287	0,1	287	0,2	287	0,0	287	0,0	287	0,0	287	0,0	287	0,0	287	NaN	287	2,3	
288	4,7E+2	288	7,7E+7	288	0,0	288	0,1	288	0,2	288	0,9	288	2,0	288	4,1E+2	288	1,0E+3	288	67,5	288	1,8	288	0,5	288	2,8	288	37,4	288	0,0	288	0,0	288	0,0	288	3,2	288	0,1	288	93,2	288	0,3	288	0,0	288	0,3	288	0,0	288	0,0	288	0,0	288	0,0	288	0,0	288	NaN	288	2,4	
289	4,8E+2	289	7,6E+7	289	0,0	289	0,1	289	0,2	289	0,9	289	2,0	289	4,0E+2	289	9,6E+2	289	67,9	289	1,7	289	0,5	289	3,1	289	38,7	289	0,0	289	0,0	289	0,0	289	2,8	289	0,0	289	86,2	289	0,4	289	0,1	289	0,2	289	0,0	289	0,1	289	0,0	289	0,0	289	0,0	289	NaN	289	2,7	
290	4,6E+2	290	7,9E+7	290	0,0	290	0,1	290	0,2	290	0,9	290	1,9	290	3,8E+2	290	8,9E+2	290	63,0	290	1,5	290	0,6	290	2,6	290	37,4	290	0,0	290	0,0	290	0,0	290	2,7	290	0,1	290	80,6	290	0,3	290	0,0	290	0,2	290	0,0	290	0,1	290	0,0	290	0,0	290	0,0	290	Inf	290	2,3	
291	4,6E+2	291	7,9E+7	291	0,0	291	0,1	291	0,2	291	0,9	291	2,5	291	3,7E+2	291	8,5E+2	291	63,4	291	1,5	291	0,5	291	2,4	291	37,4	291	0,0	291	0,0	291	0,0	291	2,6	291	0,1	291	78,5	291	0,5	291	0,0	291	0,2	291	0,0	291	0,0	291	0,0	291	0,0	291	0,0	291	NaN	291	2,4	
292	4,8E+2	292	7,6E+7	292	0,0	292	0,1	292	0,2	292	0,9	292	2,4	292	3,8E+2	292	8,6E+2	292	63,2	292	1,4	292	0,5	292	2,6	292	39,5	292	0,0	292	0,0	292	0,0	292	2,8	292	0,1	292	79,7	292	0,3	292	0,1	292	0,2	292	0,0	292	0,0	292	0,0	292	0,0	292	0,0	292	NaN	292	2,3	
293	4,7E+2	293	7,9E+7	293	0,0	293	0,1	293	0,2	293	0,9	293	2,2	293	3,6E+2	293	8,0E+2	293	62,2	293	1,6	293	0,4	293	2,5	293	36,1	293	0,0	293	0,0	293	0,0	293	2,7	293	0,0	293	73,0	293	0,4	293	0,0	293	0,1	293	0,0	293	0,1	293	0,0	293	0,0	293	0,0	293	NaN	293	1,8	
294	4,7E+2	294	7,8E+7	294	0,0	294	0,1	294	0,2	294	0,9	294	2,3	294	3,5E+2	294	7,8E+2	294	62,2	294	1,4	294	0,4	294	2,5	294	37,1	294	0,0	294	0,0	294	0,0	294	2,5	294	0,1	294	70,2	294	0,3	294	0,0	294	0,2	294	0,0	294	0,1	294	0,0	294	0,0	294	0,0	294	NaN	294	2,2	
295	4,6E+2	295	7,9E+7	295	0,0	295	0,1	295	0,2	295	0,9	295	2,2	295	3,4E+2	295	7,5E+2	295	60,2	295	1,4	295	0,4	295	1,9	295	37,6	295	0,0	295	0,0	295	0,0	295	2,6	295	0,1	295	66,9	295	0,4	295	0,0	295	0,3	295	0,0	295	0,0	295	0,0	295	0,0	295	0,0	295	NaN	295	2,3	
296	4,7E+2	296	7,8E+7	296	0,0	296	0,1	296	0,2	296	0,9	296	2,0	296	3,3E+2	296	7,1E+2	296	56,5	296	1,4	296	0,5	296	2,4	296	36,9	296	0,0	296	0,0	296	0,0	296	2,7	296	0,1	296	64,2	296	0,4	296	0,0	296	0,2	296	0,0	296	0,1	296	0,0	296	0,0	296	0,0	296	NaN	296	2,3	
297	4,6E+2	297	8,1E+7	297	0,0	297	0,1	297	0,2	297	0,9	297	2,2	297	3,0E+2	297	6,5E+2	297	52,9	297	1,3	297	0,5	297	2,1	297	34,7	297	0,0	297	0,0	297	0,0	297	2,1	297	0,1	297	58,4	297	0,4	297	0,0	297	0,2	297	0,0	297	0,1	297	0,0	297	0,0	297	0,0	297	Inf	297	1,8	
298	4,7E+2	298	7,8E+7	298	0,0	298	0,1	298	0,2	298	0,9	298	1,7	298	3,0E+2	298	6,5E+2	298	54,2	298	1,3	298	0,5	298	2,1	298	36,3	298	0,0	298	0,0	298	0,0	298	2,4	298	0,0	298	56,4	298	0,3	298	0,1	298	0,2	298	0,0	298	0,0	298	0,0	298	0,0	298	0,0	298	NaN	298	2,3	
299	4,8E+2	299	7,6E+7	299	0,0	299	0,1	299	0,2	299	0,9	299	1,9	299	3,1E+2	299	6,3E+2	299	56,3	299	1,2	299	0,5	299	2,2	299	37,0	299	0,0	299	0,0	299	0,0	299	2,3	299	0,1	299	56,8	299	0,3	299	0,1	299	0,3	299	0,0	299	0,0	299	0,0	299	0,0	299	0,0	299	Inf	299	2,1	
300	4,5E+2	300	7,9E+7	300	0,0	300	0,1	300	0,2	300	0,9	300	2,0	300	2,9E+2	300	5,8E+2	300	52,6	300	1,1	300	0,6	300	2,0	300	34,6	300	0,0	300	0,0	300	0,0	300	2,4	300	0,1	300	52,2	300	0,3	300	0,0	300	0,2	300	0,0	300	0,1	300	0,0	300	0,0	300	0,0	300	NaN	300	2,3	
301	4,7E+2	301	7,8E+7	301	0,0	301	0,1	301	0,2	301	0,9	301	1,8	301	2,0E+2	301	5,0E+2	301	44,4	301	1,2	301	0,4	301	1,6	301	35,0	301	0,0	301	0,0	301	0,0	301	2,0	301	0,1	301	40,4	301	0,3	301	0,0	301	0,2	301	0,0	301	0,1	301	0,0	301	0,0	301	0,0	301	Inf	301	3,6	
302	4,6E+2	302	8,0E+7	302	0,0	302	0,1	302	0,2	302	1,3	302	5,5	302	4,6E+2	302	1,0E+3	302	51,5	302	1,7	302	0,3	302	1,6	302	32,7	302	0,0	302	0,0	302	0,0	302	2,9	302	0,1	302	69,2	302	0,2	302	0,0	302	0,3	302	0,0	302	0,1	302	0,0	302	0,0	302	0,0	302	NaN	302	2,3	
303	4,5E+2	303	8,0E+7	303	0,0	303	0,1	303	0,2	303	0,9	303	2,4	303	93,0	303	3,3E+2	303	15,0	303	0,5	303	0,3	303	0,8	303	24,7	303	0,0	303	0,0	303	0,0	303	1,1	303	0,1	303	25,3	303	0,3	303	0,0	303	0,2	303	0,0	303	0,0	303	0,0	303	0,0	303	0,0	303	NaN	303	1,9	
304	4,7E+2	304	7,7E+7	304	0,0	304	0,1	304	0,2	304	0,9	304	2,4	304	71,8	304	2,7E+2	304	12,3	304	0,5	304	0,3	304	0,7	304	19,5	304	0,0	304	0,0	304	0,0	304	1,1	304	0,1	304	22,4	304	0,2	304	0,1	304	0,1	304	0,0	304	0,0	304	0,0	304	0,0	304	0,0	304	NaN	304	2,4	
305	4,6E+2	305	7,8E+7	305	0,0	305	0,1	305	0,2	305	0,9	305	2,1	305	63,9	305	2,4E+2	305	11,6	305	0,5	305	0,3	305	0,7	305	16,1	305	0,0	305	0,0	305	0,0	305	0,9	305	0,1	305	19,9	305	0,1	305	0,0	305	0,2	305	0,0	305	0,0	305	0,0	305	0,0	305	0,0	305	NaN	305	2,3	
306	4,7E+2	306	7,8E+7	306	0,0	306	0,1	306	0,2	306	0,9	306	1,6	306	59,7	306	2,2E+2	306	10,6	306	0,5	306	0,2	306	0,5	306	14,7	306	0,0	306	0,0	306	0,0	306	1,1	306	0,0	306	18,8	306	0,3	306	0,0	306	0,2	306	0,0	306	0,0	306	0,0	306	0,0	306	0,0	306	Inf	306	2,2	
307	4,6E+2	307	8,0E+7	307	0,0	307	0,1	307	0,2	307	0,8	307	2,0	307	54,8	307	2,1E+2	307	10,4	307	0,3	307	0,2	307	0,5	307	13,3	307	0,0	307	0,0	307	0,0	307	0,6	307	0,1	307	17,8	307	0,2	307	0,0	307	0,1	307	0,0	307	0,0	307	0,0	307	0,0	307	0,0	307	NaN	307	1,8	
308	4,5E+2	308	7,8E+7	308	0,0	308	0,1	308	0,2	308	0,9	308	2,0	308	57,7	308	2,0E+2	308	10,1	308	0,4	308	0,3	308	0,5	308	13,5	308	0,0	308	0,0	308	0,0	308	0,8	308	0,1	308	17,0	308	0,2	308	0,1	308	0,2	308	0,0	308	0,0	308	0,0	308	0,0	308	0,0	308	NaN	308	1,9	
309	4,4E+2	309	8,0E+7	309	0,0	309	0,1	309	0,2	309	0,8	309	1,7	309	52,0	309	1,9E+2	309	9,5	309	0,5	309	0,2	309	0,6	309	12,4	309	0,0	309	0,0	309	0,0	309	0,8	309	0,1	309	16,6	309	0,1	309	0,0	309	0,1	309	0,0	309	0,0	309	0,0	309	0,0	309	0,0	309	NaN	309	1,9	
310	4,6E+2	310	7,8E+7	310	0,0	310	0,1	310	0,2	310	0,8	310	1,9	310	52,9	310	1,8E+2	310	10,3	310	0,5	310	0,2	310	0,5	310	12,7	310	0,0	310	0,0	310	0,0	310	0,9	310	0,1	310	16,6	310	0,2	310	0,0	310	0,1	310	0,0	310	0,0	310	0,0	310	0,0	310	0,0	310	NaN	310	2,0	
311	4,4E+2	311	8,1E+7	311	0,0	311	0,1	311	0,2	311	0,8	311	1,9	311	48,3	311	1,7E+2	311	9,6	311	0,3	311	0,1	311	0,5	311	12,1	311	0,0	311	0,0	311	0,0	311	0,8	311	0,1	311	14,8	311	0,2	311	0,0	311	0,1	311	0,0	311	0,1	311	0,0	311	0,0	311	0,0	311	NaN	311	2,2	
312	4,4E+2	312	8,0E+7	312	0,0	312	0,1	312	0,2	312	0,8	312	1,8	312	49,0	312	1,7E+2	312	9,4	312	0,3	312	0,2	312	0,3	312	11,8	312	0,0	312	0,0	312	0,0	312	0,7	312	0,0	312	14,7	312	0,2	312	0,0	312	0,2	312	0,0	312	0,0	312	0,0	312	0,0	312	0,0	312	NaN	312	1,8	
313	4,5E+2	313	8,0E+7	313	0,0	313	0,1	313	0,2	313	0,8	313	1,9	313	46,9	313	1,6E+2	313	8,8	313	0,4	313	0,1	313	0,4	313	10,9	313	0,0	313	0,0	313	0,0	313	0,7	313	0,0	313	14,5	313	0,1	313	0,0	313	0,1	313	0,0	313	0,0	313	0,0	313	0,0	313	0,0	313	NaN	313	1,8	
314	4,6E+2	314	7,8E+7	314	0,0	314	0,1	314	0,2	314	0,8	314	2,2	314	48,5	314	1,6E+2	314	9,1	314	0,3	314	0,2	314	0,5	314	11,2	314	0,0	314	0,0	314	0,0	314	0,8	314	0,0	314	13,8	314	0,1	314	0,0	314	0,1	314	0,0	314	0,0	314	0,0	314	0,0	314	0,0	314	NaN	314	2,0	
315	4,5E+2	315	7,8E+7	315	0,0	315	0,1	315	0,2	315	0,8	315	2,0	315	45,7	315	1,6E+2	315	9,0	315	0,4	315	0,1	315	0,5	315	11,2	315	0,0	315	0,0	315	0,0	315	0,8	315	0,0	315	13,3	315	0,1	315	0,0	315	0,1	315	0,0	315	0,0	315	0,0	315	0,0	315	0,0	315	NaN	315	1,7	
316	4,7E+2	316	7,8E+7	316	0,0	316	0,1	316	0,2	316	0,8	316	1,6	316	47,5	316	1,6E+2	316	8,7	316	0,4	316	0,2	316	0,5	316	11,0	316	0,0	316	0,0	316	0,0	316	0,6	316	0,0	316	13,9	316	0,1	316	0,0	316	0,1	316	0,0	316	0,0	316	0,0	316	0,0	316	0,0	316	NaN	316	2,0	
317	4,6E+2	317	7,8E+7	317	0,0	317	0,1	317	0,2	317	0,8	317	1,8	317	44,9	317	1,5E+2	317	8,6	317	0,4	317	0,2	317	0,5	317	10,2	317	0,0	317	0,0	317	0,0	317	0,7	317	0,1	317	12,7	317	0,1	317	0,0	317	0,2	317	0,0	317	0,0	317	0,0	317	0,0	317	0,0	317	NaN	317	2,2	
318	4,6E+2	318	7,8E+7	318	0,0	318	0,1	318	0,2	318	0,8	318	2,1	318	43,5	318	1,5E+2	318	8,5	318	0,4	318	0,3	318	0,4	318	10,2	318	0,0	318	0,0	318	0,0	318	0,8	318	0,1	318	12,6	318	0,2	318	0,0	318	0,1	318	0,0	318	0,0	318	0,0	318	0,0	318	0,0	318	NaN	318	2,1	
319	4,5E+2	319	8,1E+7	319	0,0	319	0,1	319	0,2	319	0,8	319	1,9	319	42,3	319	1,3E+2	319	8,0	319	0,5	319	0,2	319	0,4	319	10,4	319	0,0	319	0,0	319	0,0	319	0,8	319	0,0	319	11,6	319	0,1	319	0,0	319	0,1	319	0,0	319	0,0	319	0,0	319	0,0	319	0,0	319	NaN	319	2,0	
320	4,6E+2	320	7,7E+7	320	0,0	320	0,1	320	0,2	320	0,9	320	2,0	320	44,0	320	1,4E+2	320	9,3	320	0,3	320	0,1	320	0,4	320	10,5	320	0,0	320	0,0	320	0,0	320	0,7	320	0,1	320	12,3	320	0,1	320	0,0	320	0,1	320	0,0	320	0,0	320	0,0	320	0,0	320	0,0	320	NaN	320	2,1	
321	4,6E+2	321	7,7E+7	321	0,0	321	0,1	321	0,2	321	0,8	321	1,9	321	42,4	321	1,3E+2	321	8,1	321	0,4	321	0,2	321	0,2	321	10,0	321	0,0	321	0,0	321	0,0	321	0,8	321	0,0	321	12,1	321	0,2	321	0,0	321	0,1	321	0,0	321	0,0	321	0,0	321	0,0	321	0,0	321	NaN	321	2,2	
322	4,6E+2	322	7,7E+7	322	0,0	322	0,1	322	0,2	322	0,8	322	2,1	322	44,1	322	1,4E+2	322	8,6	322	0,3	322	0,2	322	0,5	322	10,4	322	0,0	322	0,0	322	0,0	322	0,8	322	0,0	322	22,6	322	0,2	322	0,0	322	0,1	322	0,0	322	0,0	322	0,0	322	0,0	322	0,0	322	NaN	322	2,0	
323	4,6E+2	323	7,7E+7	323	0,0	323	0,1	323	0,2	323	1,7	323	7,8	323	5,4E+2	323	1,1E+3	323	46,0	323	1,7	323	0,2	323	1,6	323	12,4	323	0,0	323	0,0	323	0,0	323	3,5	323	0,1	323	98,2	323	0,1	323	0,0	323	0,1	323	0,0	323	0,1	323	0,0	323	0,0	323	0,0	323	NaN	323	3,6	
324	4,5E+2	324	8,2E+7	324	0,0	324	0,1	324	0,2	324	0,9	324	2,5	324	1,8E+2	324	6,3E+2	324	28,4	324	0,8	324	0,2	324	1,8	324	13,7	324	0,0	324	0,0	324	0,0	324	2,0	324	0,1	324	51,6	324	0,2	324	0,0	324	0,1	324	0,0	324	0,1	324	0,0	324	0,0	324	0,0	324	NaN	324	2,5	
325	4,5E+2	325	7,9E+7	325	0,0	325	0,1	325	0,2	325	0,9	325	2,3	325	1,6E+2	325	5,5E+2	325	27,1	325	0,9	325	0,2	325	1,5	325	17,5	325	0,0	325	0,0	325	0,0	325	2,1	325	0,0	325	49,6	325	0,2	325	0,0	325	0,1	325	0,0	325	0,1	325	0,0	325	0,0	325	0,0	325	NaN	325	2,0	
326	4,7E+2	326	7,7E+7	326	0,0	326	0,1	326	0,2	326	0,9	326	2,6	326	1,6E+2	326	5,2E+2	326	25,9	326	0,9	326	0,3	326	1,5	326	18,8	326	0,0	326	0,0	326	0,0	326	1,6	326	0,1	326	46,7	326	0,1	326	0,0	326	0,1	326	0,0	326	0,1	326	0,0	326	0,0	326	0,0	326	NaN	326	2,2	
327	4,6E+2	327	7,7E+7	327	0,0	327	0,1	327	0,2	327	0,9	327	1,7	327	1,6E+2	327	5,0E+2	327	26,9	327	0,8	327	0,3	327	1,5	327	18,7	327	0,0	327	0,0	327	0,0	327	1,6	327	0,1	327	44,1	327	0,2	327	0,0	327	0,1	327	0,0	327	0,0	327	0,0	327	0,0	327	0,0	327	NaN	327	1,8	
328	4,6E+2	328	7,9E+7	328	0,0	328	0,1	328	0,2	328	0,9	328	2,1	328	1,5E+2	328	4,7E+2	328	24,9	328	0,7	328	0,3	328	1,4	328	18,2	328	0,0	328	0,0	328	0,0	328	1,8	328	0,0	328	41,4	328	0,3	328	0,0	328	0,1	328	0,0	328	0,1	328	0,0	328	0,0	328	0,0	328	NaN	328	2,2	
329	4,5E+2	329	7,8E+7	329	0,0	329	0,1	329	0,2	329	0,9	329	2,1	329	1,5E+2	329	4,6E+2	329	24,0	329	0,8	329	0,2	329	1,3	329	18,4	329	0,0	329	0,0	329	0,0	329	1,7	329	0,1	329	40,6	329	0,2	329	0,1	329	0,1	329	0,0	329	0,1	329	0,0	329	0,0	329	0,0	329	NaN	329	2,4	
330	4,6E+2	330	7,9E+7	330	0,0	330	0,1	330	0,2	330	0,9	330	2,3	330	1,4E+2	330	4,4E+2	330	23,9	330	0,6	330	0,3	330	1,4	330	18,5	330	0,0	330	0,0	330	0,0	330	1,4	330	0,0	330	39,6	330	0,2	330	0,0	330	0,1	330	0,0	330	0,0	330	0,0	330	0,0	330	0,0	330	Inf	330	2,3	
331	4,6E+2	331	7,9E+7	331	0,0	331	0,1	331	0,2	331	0,9	331	2,0	331	1,4E+2	331	4,2E+2	331	23,5	331	0,7	331	0,2	331	1,0	331	18,8	331	0,0	331	0,0	331	0,0	331	1,4	331	0,0	331	37,1	331	0,2	331	0,1	331	0,2	331	0,0	331	0,1	331	0,0	331	0,0	331	0,0	331	NaN	331	2,5	
332	4,5E+2	332	7,9E+7	332	0,0	332	0,1	332	0,2	332	0,9	332	2,2	332	1,3E+2	332	4,1E+2	332	22,3	332	0,7	332	0,2	332	1,1	332	17,7	332	0,0	332	0,0	332	0,0	332	1,6	332	0,0	332	36,6	332	0,2	332	0,1	332	0,2	332	0,0	332	0,0	332	0,0	332	0,0	332	0,0	332	NaN	332	2,4	
333	4,5E+2	333	7,9E+7	333	0,0	333	0,1	333	0,2	333	0,9	333	2,4	333	1,3E+2	333	4,0E+2	333	22,8	333	0,8	333	0,2	333	1,3	333	17,4	333	0,0	333	0,0	333	0,0	333	1,3	333	0,1	333	34,4	333	0,2	333	0,0	333	0,1	333	0,0	333	0,0	333	0,0	333	0,0	333	0,0	333	NaN	333	2,2	
334	4,4E+2	334	8,0E+7	334	0,0	334	0,1	334	0,2	334	0,9	334	2,0	334	1,3E+2	334	3,9E+2	334	21,9	334	0,6	334	0,2	334	1,2	334	17,5	334	0,0	334	0,0	334	0,0	334	1,3	334	0,1	334	34,3	334	0,1	334	0,0	334	0,1	334	0,0	334	0,0	334	0,0	334	0,0	334	0,0	334	NaN	334	2,4	
335	4,5E+2	335	7,9E+7	335	0,0	335	0,1	335	0,2	335	0,9	335	2,0	335	1,3E+2	335	3,8E+2	335	22,6	335	0,6	335	0,3	335	1,1	335	18,0	335	0,0	335	0,0	335	0,0	335	1,4	335	0,1	335	34,3	335	0,1	335	0,1	335	0,1	335	0,0	335	0,0	335	0,0	335	0,0	335	0,0	335	NaN	335	2,3	
336	4,5E+2	336	7,8E+7	336	0,0	336	0,1	336	0,2	336	0,9	336	1,9	336	1,3E+2	336	3,7E+2	336	21,9	336	0,8	336	0,3	336	1,2	336	17,7	336	0,0	336	0,0	336	0,0	336	1,1	336	0,1	336	32,1	336	0,2	336	0,0	336	0,2	336	0,0	336	0,1	336	0,0	336	0,0	336	0,0	336	NaN	336	2,1	
337	4,6E+2	337	7,7E+7	337	0,0	337	0,1	337	0,2	337	0,9	337	2,3	337	1,2E+2	337	3,7E+2	337	22,0	337	0,5	337	0,2	337	1,3	337	17,7	337	0,0	337	0,0	337	0,0	337	1,1	337	0,0	337	33,6	337	0,2	337	0,0	337	0,2	337	0,0	337	0,0	337	0,0	337	0,0	337	0,0	337	NaN	337	2,4	
338	4,5E+2	338	7,9E+7	338	0,0	338	0,1	338	0,2	338	0,9	338	2,4	338	1,2E+2	338	3,5E+2	338	21,9	338	0,6	338	0,3	338	1,1	338	18,5	338	0,0	338	0,0	338	0,0	338	1,4	338	0,1	338	30,5	338	0,2	338	0,1	338	0,1	338	0,0	338	0,0	338	0,0	338	0,0	338	0,0	338	NaN	338	2,2	
339	4,5E+2	339	7,8E+7	339	0,0	339	0,1	339	0,2	339	0,9	339	1,9	339	1,2E+2	339	3,4E+2	339	22,2	339	0,6	339	0,3	339	1,0	339	18,5	339	0,0	339	0,0	339	0,0	339	1,4	339	0,1	339	31,2	339	0,3	339	0,1	339	0,1	339	0,0	339	0,0	339	0,0	339	0,0	339	0,0	339	NaN	339	2,1	
340	4,5E+2	340	7,8E+7	340	0,0	340	0,1	340	0,2	340	0,9	340	2,1	340	1,1E+2	340	3,4E+2	340	20,9	340	0,8	340	0,3	340	1,0	340	17,6	340	0,0	340	0,0	340	0,0	340	1,4	340	0,1	340	29,1	340	0,2	340	0,0	340	0,2	340	0,0	340	0,0	340	0,0	340	0,0	340	0,0	340	NaN	340	1,9	
341	4,6E+2	341	7,7E+7	341	0,0	341	0,1	341	0,2	341	0,9	341	2,1	341	1,2E+2	341	3,3E+2	341	21,2	341	0,7	341	0,1	341	1,1	341	16,9	341	0,0	341	0,0	341	0,0	341	1,2	341	0,1	341	29,6	341	0,2	341	0,0	341	0,1	341	0,0	341	0,0	341	0,0	341	0,0	341	0,0	341	NaN	341	2,0	
342	4,4E+2	342	8,0E+7	342	0,0	342	0,1	342	0,2	342	0,9	342	2,1	342	1,1E+2	342	3,2E+2	342	19,8	342	0,5	342	0,2	342	1,0	342	17,6	342	0,0	342	0,0	342	0,0	342	1,2	342	0,1	342	28,0	342	0,2	342	0,1	342	0,1	342	0,0	342	0,0	342	0,0	342	0,0	342	0,0	342	NaN	342	2,0	
343	4,6E+2	343	7,7E+7	343	0,0	343	0,1	343	0,2	343	0,9	343	2,2	343	1,1E+2	343	3,2E+2	343	21,6	343	0,5	343	0,3	343	1,1	343	18,0	343	0,0	343	0,0	343	0,0	343	1,4	343	0,1	343	29,1	343	0,2	343	0,0	343	0,1	343	0,0	343	0,1	343	0,0	343	0,0	343	0,0	343	NaN	343	2,1	
344	4,5E+2	344	7,9E+7	344	0,0	344	0,1	344	0,2	344	0,9	344	1,9	344	1,1E+2	344	3,1E+2	344	20,9	344	0,7	344	0,2	344	1,1	344	17,7	344	0,0	344	0,0	344	0,0	344	1,3	344	0,1	344	27,4	344	0,2	344	0,1	344	0,1	344	0,0	344	0,0	344	0,0	344	0,0	344	0,0	344	NaN	344	1,9	
345	4,5E+2	345	7,8E+7	345	0,0	345	0,1	345	0,2	345	0,9	345	2,6	345	2,3E+2	345	6,5E+2	345	45,5	345	1,0	345	0,3	345	1,6	345	18,2	345	0,0	345	0,0	345	0,0	345	1,7	345	0,0	345	36,5	345	0,3	345	0,0	345	0,2	345	0,0	345	0,1	345	0,0	345	0,0	345	0,0	345	NaN	345	4,7	
346	4,4E+2	346	8,1E+7	346	0,0	346	0,1	346	0,2	346	0,9	346	2,4	346	8,5	346	31,4	346	2,2	346	0,2	346	0,2	346	0,3	346	15,5	346	0,0	346	0,0	346	0,0	346	0,4	346	0,2	346	1,9	346	0,2	346	0,0	346	0,1	346	0,0	346	0,0	346	0,0	346	0,0	346	0,0	346	NaN	346	1,6	
347	4,5E+2	347	7,9E+7	347	0,0	347	0,1	347	0,2	347	0,8	347	1,6	347	6,0	347	25,4	347	1,8	347	0,2	347	0,1	347	0,2	347	10,8	347	0,0	347	0,0	347	0,0	347	0,3	347	0,1	347	1,8	347	0,1	347	0,1	347	0,1	347	0,0	347	0,0	347	0,0	347	0,0	347	0,0	347	NaN	347	1,6	
348	4,5E+2	348	8,0E+7	348	0,0	348	0,1	348	0,2	348	0,8	348	2,0	348	5,6	348	20,4	348	1,6	348	0,1	348	0,1	348	0,4	348	8,3	348	0,0	348	0,0	348	0,0	348	0,3	348	0,1	348	1,7	348	0,1	348	0,0	348	0,1	348	0,0	348	0,0	348	0,0	348	0,0	348	0,0	348	NaN	348	1,7	
349	4,6E+2	349	7,8E+7	349	0,0	349	0,1	349	0,2	349	0,8	349	1,8	349	4,8	349	18,9	349	1,3	349	0,2	349	0,1	349	0,2	349	7,1	349	0,0	349	0,0	349	0,0	349	0,4	349	0,0	349	1,5	349	0,1	349	0,0	349	0,1	349	0,0	349	0,0	349	0,0	349	0,0	349	0,0	349	Inf	349	2,1	
350	4,4E+2	350	8,0E+7	350	0,0	350	0,1	350	0,2	350	0,8	350	1,7	350	4,4	350	15,4	350	1,2	350	0,2	350	0,1	350	0,2	350	5,2	350	0,0	350	0,0	350	0,0	350	0,4	350	0,0	350	1,5	350	0,1	350	0,0	350	0,1	350	0,0	350	0,0	350	0,0	350	0,0	350	0,0	350	NaN	350	1,5	
351	4,4E+2	351	8,0E+7	351	0,0	351	0,1	351	0,2	351	0,8	351	1,5	351	4,2	351	14,4	351	1,3	351	0,2	351	0,1	351	0,1	351	4,8	351	0,0	351	0,0	351	0,0	351	0,4	351	0,1	351	1,4	351	0,0	351	0,1	351	0,1	351	0,0	351	0,0	351	0,0	351	0,0	351	0,0	351	NaN	351	1,7	
352	4,5E+2	352	7,8E+7	352	0,0	352	0,1	352	0,2	352	0,8	352	1,7	352	4,0	352	13,4	352	1,0	352	0,2	352	0,1	352	0,2	352	4,6	352	0,0	352	0,0	352	0,0	352	0,3	352	0,1	352	1,1	352	0,1	352	0,0	352	0,1	352	0,0	352	0,0	352	0,0	352	0,0	352	0,0	352	NaN	352	1,5	
353	4,6E+2	353	7,7E+7	353	0,0	353	0,1	353	0,2	353	0,8	353	1,8	353	3,9	353	13,9	353	1,1	353	0,2	353	0,1	353	0,1	353	3,9	353	0,0	353	0,0	353	0,0	353	0,4	353	0,1	353	1,2	353	0,0	353	0,0	353	0,1	353	0,0	353	0,0	353	0,0	353	0,0	353	0,0	353	NaN	353	2,0	
354	4,5E+2	354	7,8E+7	354	0,0	354	0,1	354	0,2	354	0,8	354	2,0	354	3,7	354	11,8	354	1,0	354	0,1	354	0,1	354	0,1	354	3,6	354	0,0	354	0,0	354	0,0	354	0,4	354	0,1	354	0,9	354	0,1	354	0,0	354	0,1	354	0,0	354	0,0	354	0,0	354	0,0	354	0,0	354	NaN	354	1,9	
355	4,5E+2	355	7,7E+7	355	0,0	355	0,1	355	0,2	355	0,8	355	1,8	355	3,4	355	11,3	355	0,8	355	0,1	355	0,0	355	0,2	355	3,4	355	0,0	355	0,0	355	0,0	355	0,5	355	0,0	355	1,1	355	0,1	355	0,0	355	0,1	355	0,0	355	0,0	355	0,0	355	0,0	355	0,0	355	NaN	355	2,2	
356	4,4E+2	356	7,9E+7	356	0,0	356	0,1	356	0,2	356	0,8	356	1,9	356	3,1	356	11,0	356	0,8	356	0,2	356	0,1	356	0,1	356	3,0	356	0,0	356	0,0	356	0,0	356	0,3	356	0,1	356	0,9	356	0,0	356	0,0	356	0,1	356	0,0	356	0,0	356	0,0	356	0,0	356	0,0	356	NaN	356	1,7	
357	4,5E+2	357	7,7E+7	357	0,0	357	0,1	357	0,2	357	0,8	357	1,5	357	3,1	357	10,4	357	0,6	357	0,2	357	0,1	357	0,2	357	2,7	357	0,0	357	0,0	357	0,0	357	0,3	357	0,1	357	1,1	357	0,0	357	0,0	357	0,1	357	0,0	357	0,0	357	0,0	357	0,0	357	0,0	357	NaN	357	1,6	
358	4,5E+2	358	7,7E+7	358	0,0	358	0,1	358	0,2	358	0,8	358	1,6	358	3,1	358	9,7	358	0,8	358	0,1	358	0,1	358	0,2	358	2,7	358	0,0	358	0,0	358	0,0	358	0,5	358	0,1	358	0,9	358	0,1	358	0,0	358	0,1	358	0,0	358	0,0	358	0,0	358	0,0	358	0,0	358	NaN	358	1,6	
