Cycle - m/z 18.00 ch0	Amplitude - m/z 18.00 ch0	Cycle - m/z 21.00 ch1	Amplitude - m/z 21.00 ch1	Cycle - m/z 25.00 ch2	Amplitude - m/z 25.00 ch2	Cycle - m/z 30.00 ch3	Amplitude - m/z 30.00 ch3	Cycle - m/z 32.00 ch4	Amplitude - m/z 32.00 ch4	Cycle - m/z 37.00 ch5	Amplitude - m/z 37.00 ch5	Cycle - m/z 59.00 ch6	Amplitude - m/z 59.00 ch6	Cycle - m/z 107.00 ch7	Amplitude - m/z 107.00 ch7	Cycle - m/z 137.00 ch8	Amplitude - m/z 137.00 ch8	Cycle - m/z 121.00 ch9	Amplitude - m/z 121.00 ch9	Cycle - m/z 123.00 ch10	Amplitude - m/z 123.00 ch10	Cycle - m/z 151.00 ch11	Amplitude - m/z 151.00 ch11	Cycle - m/z 153.00 ch12	Amplitude - m/z 153.00 ch12	Cycle - m/z 165.00 ch13	Amplitude - m/z 165.00 ch13	Cycle - m/z 213.00 ch14	Amplitude - m/z 213.00 ch14	Cycle - m/z 229.00 ch15	Amplitude - m/z 229.00 ch15	Cycle - m/z 271.00 ch16	Amplitude - m/z 271.00 ch16	Cycle - m/z 109.00 ch17	Amplitude - m/z 109.00 ch17	Cycle - m/z 131.00 ch18	Amplitude - m/z 131.00 ch18	Cycle - m/z 138.00 ch19	Amplitude - m/z 138.00 ch19	Cycle - m/z 167.00 ch20	Amplitude - m/z 167.00 ch20	Cycle - m/z 179.00 ch21	Amplitude - m/z 179.00 ch21	Cycle - m/z 181.00 ch22	Amplitude - m/z 181.00 ch22	Cycle - m/z 193.00 ch23	Amplitude - m/z 193.00 ch23	Cycle - m/z 205.00 ch24	Amplitude - m/z 205.00 ch24	Cycle - m/z 285.00 ch25	Amplitude - m/z 285.00 ch25	Cycle - m/z 295.00 ch26	Amplitude - m/z 295.00 ch26	Cycle - m/z 299.00 ch27	Amplitude - m/z 299.00 ch27	Cycle - m/z 327.00 ch28	Amplitude - m/z 327.00 ch28	Cycle - m/z 59.00 ch29	Amplitude - m/z 59.00 ch29	
0	1,1E+3	0	6,6E+7	0	0,0	0	0,1	0	0,2	0	1,1	0	2,6	0	0,3	0	0,1	0	0,3	0	0,1	0	0,1	0	0,1	0	0,0	0	0,0	0	0,0	0	0,0	0	0,4	0	0,2	0	0,0	0	0,0	0	0,0	0	0,0	0	0,0	0	0,0	0	0,0	0	0,0	0	0,0	0	NaN	0	3,3	
1	1,1E+3	1	6,7E+7	1	0,0	1	0,1	1	0,2	1	1,0	1	2,5	1	0,2	1	0,1	1	0,3	1	0,2	1	0,0	1	0,1	1	0,0	1	0,0	1	0,0	1	0,0	1	0,3	1	0,1	1	0,1	1	0,0	1	0,0	1	0,0	1	0,0	1	0,0	1	0,0	1	0,0	1	0,0	1	NaN	1	2,4	
2	1,1E+3	2	6,6E+7	2	0,0	2	0,1	2	0,2	2	1,1	2	3,2	2	0,3	2	0,2	2	0,2	2	0,2	2	0,1	2	0,1	2	0,0	2	0,0	2	0,0	2	0,0	2	0,4	2	0,1	2	0,0	2	0,0	2	0,0	2	0,0	2	0,0	2	0,0	2	0,0	2	0,0	2	0,0	2	NaN	2	3,0	
3	1,1E+3	3	6,8E+7	3	0,0	3	0,1	3	0,2	3	1,1	3	2,8	3	0,2	3	0,1	3	0,1	3	0,2	3	0,1	3	0,0	3	0,0	3	0,0	3	0,0	3	0,0	3	0,3	3	0,1	3	0,0	3	0,0	3	0,0	3	0,0	3	0,0	3	0,0	3	0,0	3	0,0	3	0,0	3	NaN	3	3,0	
4	1,1E+3	4	6,9E+7	4	0,0	4	0,1	4	0,2	4	1,0	4	2,7	4	0,4	4	0,1	4	0,4	4	0,1	4	0,1	4	0,1	4	0,0	4	0,0	4	0,0	4	0,0	4	0,5	4	0,0	4	0,0	4	0,0	4	0,0	4	0,0	4	0,0	4	0,0	4	0,0	4	0,0	4	0,0	4	NaN	4	2,9	
5	1,1E+3	5	6,8E+7	5	0,0	5	0,1	5	0,2	5	1,0	5	2,6	5	0,3	5	0,1	5	0,2	5	0,2	5	0,1	5	0,1	5	0,0	5	0,0	5	0,0	5	0,0	5	0,5	5	0,1	5	0,0	5	0,0	5	0,0	5	0,0	5	0,0	5	0,0	5	0,0	5	0,0	5	0,0	5	NaN	5	2,6	
6	1,1E+3	6	6,8E+7	6	0,0	6	0,1	6	0,2	6	1,0	6	2,4	6	0,4	6	0,1	6	0,2	6	0,2	6	0,1	6	0,1	6	0,0	6	0,0	6	0,0	6	0,0	6	0,4	6	0,1	6	0,0	6	0,0	6	0,0	6	0,0	6	0,0	6	0,0	6	0,0	6	0,0	6	0,0	6	NaN	6	2,7	
7	1,1E+3	7	6,7E+7	7	0,0	7	0,1	7	0,2	7	1,1	7	2,8	7	0,3	7	0,1	7	0,3	7	0,2	7	0,0	7	0,1	7	0,0	7	0,0	7	0,0	7	0,0	7	2,0	7	0,1	7	32,6	7	0,0	7	0,0	7	0,0	7	0,0	7	0,0	7	0,0	7	0,0	7	0,0	7	NaN	7	9,5	
8	1,0E+3	8	7,2E+7	8	0,0	8	0,1	8	0,2	8	1,6	8	6,0	8	2,8E+2	8	3,3E+2	8	25,1	8	0,8	8	0,0	8	0,7	8	1,7	8	0,0	8	0,0	8	0,0	8	1,5	8	0,1	8	22,8	8	0,1	8	0,0	8	0,0	8	0,0	8	0,1	8	0,0	8	0,0	8	0,0	8	NaN	8	4,1	
9	1,0E+3	9	7,0E+7	9	0,0	9	0,1	9	0,2	9	1,4	9	3,6	9	1,6E+2	9	2,2E+2	9	15,9	9	0,5	9	0,1	9	0,6	9	7,5	9	0,0	9	0,0	9	0,0	9	1,1	9	0,1	9	18,1	9	0,1	9	0,0	9	0,0	9	0,0	9	0,0	9	0,0	9	0,0	9	0,0	9	NaN	9	3,4	
10	1,0E+3	10	7,1E+7	10	0,0	10	0,1	10	0,2	10	1,3	10	3,3	10	1,5E+2	10	2,0E+2	10	15,7	10	0,7	10	0,1	10	0,5	10	9,4	10	0,0	10	0,0	10	0,0	10	1,1	10	0,1	10	17,1	10	0,2	10	0,0	10	0,0	10	0,0	10	0,1	10	0,0	10	0,0	10	0,0	10	NaN	10	3,9	
11	9,9E+2	11	7,2E+7	11	0,0	11	0,1	11	0,2	11	1,3	11	3,4	11	1,4E+2	11	1,8E+2	11	15,1	11	0,5	11	0,1	11	0,4	11	10,4	11	0,0	11	0,0	11	0,0	11	1,3	11	0,1	11	15,4	11	0,1	11	0,0	11	0,0	11	0,0	11	0,1	11	0,0	11	0,0	11	0,0	11	NaN	11	3,3	
12	1,0E+3	12	7,1E+7	12	0,0	12	0,1	12	0,2	12	1,3	12	2,8	12	1,4E+2	12	1,8E+2	12	14,8	12	0,5	12	0,1	12	0,3	12	11,4	12	0,0	12	0,0	12	0,0	12	0,9	12	0,1	12	15,4	12	0,1	12	0,1	12	0,0	12	0,0	12	0,0	12	0,0	12	0,0	12	0,0	12	NaN	12	3,1	
13	1,0E+3	13	7,2E+7	13	0,0	13	0,1	13	0,2	13	1,3	13	2,9	13	1,3E+2	13	1,7E+2	13	13,9	13	0,5	13	0,1	13	0,4	13	10,6	13	0,0	13	0,0	13	0,0	13	1,3	13	0,1	13	15,3	13	0,1	13	0,0	13	0,1	13	0,0	13	0,0	13	0,0	13	0,0	13	0,0	13	NaN	13	3,0	
14	9,8E+2	14	7,3E+7	14	0,0	14	0,1	14	0,2	14	1,3	14	2,9	14	1,3E+2	14	1,7E+2	14	13,6	14	0,4	14	0,2	14	0,5	14	11,2	14	0,0	14	0,0	14	0,0	14	1,1	14	0,1	14	15,1	14	0,1	14	0,0	14	0,1	14	0,0	14	0,0	14	0,0	14	0,0	14	0,0	14	NaN	14	3,4	
15	9,7E+2	15	7,3E+7	15	0,0	15	0,1	15	0,2	15	1,3	15	3,0	15	1,3E+2	15	1,6E+2	15	12,9	15	0,4	15	0,1	15	0,5	15	10,9	15	0,0	15	0,0	15	0,0	15	0,9	15	0,0	15	14,8	15	0,1	15	0,0	15	0,1	15	0,0	15	0,0	15	0,0	15	0,0	15	0,0	15	NaN	15	2,9	
16	9,6E+2	16	7,3E+7	16	0,0	16	0,1	16	0,2	16	1,3	16	2,6	16	1,3E+2	16	1,6E+2	16	13,4	16	0,5	16	0,2	16	0,3	16	11,0	16	0,0	16	0,0	16	0,0	16	0,9	16	0,1	16	13,2	16	0,2	16	0,0	16	0,1	16	0,0	16	0,0	16	0,0	16	0,0	16	0,0	16	NaN	16	3,2	
17	9,7E+2	17	7,2E+7	17	0,0	17	0,1	17	0,2	17	1,3	17	3,1	17	1,3E+2	17	1,6E+2	17	13,4	17	0,4	17	0,2	17	0,4	17	11,0	17	0,0	17	0,0	17	0,0	17	1,0	17	0,1	17	13,9	17	0,1	17	0,0	17	0,1	17	0,0	17	0,1	17	0,0	17	0,0	17	0,0	17	NaN	17	2,9	
18	9,4E+2	18	7,3E+7	18	0,0	18	0,1	18	0,2	18	1,3	18	3,3	18	1,2E+2	18	1,6E+2	18	13,5	18	0,5	18	0,2	18	0,2	18	11,2	18	0,0	18	0,0	18	0,0	18	1,2	18	0,1	18	14,4	18	0,1	18	0,1	18	0,1	18	0,0	18	0,0	18	0,0	18	0,0	18	0,0	18	NaN	18	3,0	
19	9,6E+2	19	7,2E+7	19	0,0	19	0,1	19	0,2	19	1,3	19	3,0	19	1,2E+2	19	1,6E+2	19	13,0	19	0,4	19	0,1	19	0,3	19	11,2	19	0,0	19	0,0	19	0,0	19	0,9	19	0,1	19	13,3	19	0,2	19	0,0	19	0,1	19	0,0	19	0,0	19	0,0	19	0,0	19	0,0	19	NaN	19	2,9	
20	9,3E+2	20	7,4E+7	20	0,0	20	0,1	20	0,2	20	1,2	20	3,2	20	1,2E+2	20	1,5E+2	20	12,2	20	0,4	20	0,2	20	0,3	20	11,1	20	0,0	20	0,0	20	0,0	20	1,0	20	0,1	20	12,9	20	0,1	20	0,0	20	0,1	20	0,0	20	0,0	20	0,0	20	0,0	20	0,0	20	NaN	20	2,8	
21	8,8E+2	21	7,5E+7	21	0,0	21	0,1	21	0,2	21	1,2	21	3,3	21	1,2E+2	21	1,5E+2	21	13,3	21	0,4	21	0,1	21	0,5	21	11,2	21	0,0	21	0,0	21	0,0	21	0,9	21	0,1	21	12,2	21	0,2	21	0,0	21	0,1	21	0,0	21	0,0	21	0,0	21	0,0	21	0,0	21	NaN	21	3,2	
22	9,2E+2	22	7,3E+7	22	0,0	22	0,1	22	0,2	22	1,2	22	3,4	22	1,2E+2	22	1,5E+2	22	12,9	22	0,6	22	0,1	22	0,4	22	11,7	22	0,0	22	0,0	22	0,0	22	1,1	22	0,1	22	13,1	22	0,1	22	0,0	22	0,0	22	0,0	22	0,0	22	0,0	22	0,0	22	0,0	22	NaN	22	2,8	
23	9,1E+2	23	7,3E+7	23	0,0	23	0,1	23	0,2	23	1,2	23	2,9	23	1,2E+2	23	1,5E+2	23	12,4	23	0,6	23	0,2	23	0,4	23	11,9	23	0,0	23	0,0	23	0,0	23	1,1	23	0,1	23	12,3	23	0,2	23	0,0	23	0,1	23	0,0	23	0,0	23	0,0	23	0,0	23	0,0	23	NaN	23	3,0	
24	9,1E+2	24	7,4E+7	24	0,0	24	0,1	24	0,2	24	1,2	24	3,0	24	1,2E+2	24	1,5E+2	24	12,6	24	0,5	24	0,2	24	0,4	24	11,4	24	0,0	24	0,0	24	0,0	24	0,9	24	0,1	24	13,3	24	0,1	24	0,0	24	0,1	24	0,0	24	0,0	24	0,0	24	0,0	24	0,0	24	NaN	24	2,9	
25	8,9E+2	25	7,3E+7	25	0,0	25	0,1	25	0,2	25	1,2	25	2,7	25	1,2E+2	25	1,4E+2	25	12,2	25	0,3	25	0,2	25	0,4	25	11,9	25	0,0	25	0,0	25	0,0	25	1,0	25	0,2	25	13,1	25	0,1	25	0,0	25	0,1	25	0,0	25	0,0	25	0,0	25	0,0	25	0,0	25	NaN	25	3,0	
26	8,9E+2	26	7,4E+7	26	0,0	26	0,1	26	0,2	26	1,2	26	3,0	26	1,2E+2	26	1,4E+2	26	12,8	26	0,4	26	0,1	26	0,3	26	10,3	26	0,0	26	0,0	26	0,0	26	1,0	26	0,1	26	11,7	26	0,1	26	0,0	26	0,1	26	0,0	26	0,0	26	0,0	26	0,0	26	0,0	26	NaN	26	2,8	
27	8,8E+2	27	7,4E+7	27	0,0	27	0,1	27	0,2	27	1,2	27	3,2	27	1,2E+2	27	1,4E+2	27	12,3	27	0,3	27	0,1	27	0,4	27	10,8	27	0,0	27	0,0	27	0,0	27	1,2	27	0,1	27	11,4	27	0,1	27	0,0	27	0,0	27	0,0	27	0,0	27	0,0	27	0,0	27	0,0	27	NaN	27	2,8	
28	8,8E+2	28	7,4E+7	28	0,0	28	0,1	28	0,2	28	1,2	28	2,7	28	1,1E+2	28	1,7E+2	28	25,0	28	0,7	28	0,2	28	0,8	28	11,3	28	0,0	28	0,0	28	0,0	28	2,7	28	0,1	28	34,4	28	0,1	28	0,0	28	0,1	28	0,0	28	0,0	28	0,0	28	0,0	28	0,0	28	NaN	28	24,1	
29	8,7E+2	29	7,7E+7	29	0,0	29	0,1	29	0,2	29	1,7	29	9,7	29	20,0	29	84,0	29	2,0	29	0,2	29	0,2	29	0,5	29	11,9	29	0,0	29	0,0	29	0,0	29	0,7	29	0,1	29	7,5	29	0,1	29	0,0	29	0,1	29	0,0	29	0,0	29	0,0	29	0,0	29	0,0	29	NaN	29	3,5	
30	8,6E+2	30	7,3E+7	30	0,0	30	0,1	30	0,2	30	1,1	30	3,0	30	6,8	30	46,5	30	0,6	30	0,2	30	0,1	30	0,3	30	9,2	30	0,0	30	0,0	30	0,0	30	0,6	30	0,1	30	3,9	30	0,1	30	0,0	30	0,1	30	0,0	30	0,0	30	0,0	30	0,0	30	0,0	30	NaN	30	2,6	
31	8,6E+2	31	7,2E+7	31	0,0	31	0,1	31	0,2	31	1,1	31	2,4	31	5,5	31	41,0	31	0,6	31	0,2	31	0,1	31	0,4	31	6,5	31	0,0	31	0,0	31	0,0	31	0,7	31	0,1	31	3,4	31	0,1	31	0,0	31	0,1	31	0,0	31	0,0	31	0,0	31	0,0	31	0,0	31	NaN	31	2,5	
32	8,8E+2	32	7,1E+7	32	0,0	32	0,1	32	0,2	32	1,1	32	2,9	32	5,0	32	35,5	32	0,7	32	0,2	32	0,1	32	0,1	32	4,6	32	0,0	32	0,0	32	0,0	32	0,6	32	0,1	32	2,7	32	0,1	32	0,0	32	0,1	32	0,0	32	0,0	32	0,0	32	0,0	32	0,0	32	NaN	32	2,6	
33	8,4E+2	33	7,3E+7	33	0,0	33	0,1	33	0,2	33	1,0	33	2,4	33	4,3	33	30,2	33	0,5	33	0,2	33	0,1	33	0,2	33	4,0	33	0,0	33	0,0	33	0,0	33	0,5	33	0,0	33	2,7	33	0,1	33	0,0	33	0,1	33	0,0	33	0,0	33	0,0	33	0,0	33	0,0	33	Inf	33	2,8	
34	8,2E+2	34	7,5E+7	34	0,0	34	0,1	34	0,2	34	1,0	34	2,2	34	3,4	34	25,6	34	0,5	34	0,2	34	0,1	34	0,2	34	3,8	34	0,0	34	0,0	34	0,0	34	0,5	34	0,1	34	2,1	34	0,1	34	0,0	34	0,1	34	0,0	34	0,0	34	0,0	34	0,0	34	0,0	34	NaN	34	2,5	
35	8,3E+2	35	7,2E+7	35	0,0	35	0,1	35	0,2	35	1,0	35	2,8	35	3,7	35	27,1	35	0,5	35	0,1	35	0,0	35	0,1	35	3,7	35	0,0	35	0,0	35	0,0	35	0,5	35	0,0	35	2,2	35	0,1	35	0,0	35	0,1	35	0,0	35	0,0	35	0,0	35	0,0	35	0,0	35	NaN	35	2,4	
36	8,3E+2	36	7,4E+7	36	0,0	36	0,1	36	0,2	36	1,0	36	2,9	36	3,5	36	25,8	36	0,4	36	0,2	36	0,0	36	0,3	36	3,8	36	0,0	36	0,0	36	0,0	36	0,5	36	0,1	36	2,3	36	0,1	36	0,0	36	0,1	36	0,0	36	0,0	36	0,0	36	0,0	36	0,0	36	NaN	36	2,5	
37	8,1E+2	37	7,4E+7	37	0,0	37	0,1	37	0,2	37	1,0	37	2,0	37	3,4	37	23,1	37	0,5	37	0,2	37	0,1	37	0,2	37	3,5	37	0,0	37	0,0	37	0,0	37	0,6	37	0,1	37	1,6	37	0,1	37	0,0	37	0,1	37	0,0	37	0,0	37	0,0	37	0,0	37	0,0	37	NaN	37	2,5	
38	8,1E+2	38	7,3E+7	38	0,0	38	0,1	38	0,2	38	1,0	38	2,4	38	3,1	38	23,4	38	0,5	38	0,2	38	0,1	38	0,2	38	3,6	38	0,0	38	0,0	38	0,0	38	0,6	38	0,0	38	1,7	38	0,0	38	0,1	38	0,1	38	0,0	38	0,0	38	0,0	38	0,0	38	0,0	38	NaN	38	2,7	
39	8,1E+2	39	7,3E+7	39	0,0	39	0,1	39	0,2	39	1,0	39	2,4	39	3,1	39	22,2	39	0,4	39	0,2	39	0,1	39	0,2	39	3,6	39	0,0	39	0,0	39	0,0	39	0,5	39	0,1	39	1,7	39	0,1	39	0,0	39	0,1	39	0,0	39	0,0	39	0,0	39	0,0	39	0,0	39	NaN	39	2,5	
40	8,1E+2	40	7,3E+7	40	0,0	40	0,1	40	0,2	40	1,0	40	3,1	40	3,3	40	19,4	40	0,3	40	0,2	40	0,1	40	0,2	40	3,1	40	0,0	40	0,0	40	0,0	40	0,5	40	0,0	40	1,7	40	0,1	40	0,1	40	0,1	40	0,0	40	0,0	40	0,0	40	0,0	40	0,0	40	NaN	40	2,5	
41	8,0E+2	41	7,3E+7	41	0,0	41	0,1	41	0,2	41	1,0	41	2,9	41	3,0	41	20,4	41	0,4	41	0,2	41	0,0	41	0,2	41	3,4	41	0,0	41	0,0	41	0,0	41	0,3	41	0,1	41	1,5	41	0,1	41	0,0	41	0,1	41	0,0	41	0,0	41	0,0	41	0,0	41	0,0	41	NaN	41	2,3	
42	7,9E+2	42	7,4E+7	42	0,0	42	0,1	42	0,2	42	1,0	42	2,4	42	3,3	42	18,5	42	0,6	42	0,2	42	0,0	42	0,2	42	3,3	42	0,0	42	0,0	42	0,0	42	0,6	42	0,0	42	1,5	42	0,1	42	0,0	42	0,1	42	0,0	42	0,0	42	0,0	42	0,0	42	0,0	42	NaN	42	2,3	
43	7,8E+2	43	7,4E+7	43	0,0	43	0,1	43	0,2	43	1,0	43	2,4	43	2,8	43	17,5	43	0,4	43	0,1	43	0,0	43	0,2	43	3,7	43	0,0	43	0,0	43	0,0	43	0,5	43	0,2	43	1,5	43	0,1	43	0,0	43	0,1	43	0,0	43	0,0	43	0,0	43	0,0	43	0,0	43	NaN	43	2,5	
44	7,9E+2	44	7,2E+7	44	0,0	44	0,1	44	0,2	44	1,0	44	2,4	44	2,7	44	18,5	44	0,6	44	0,2	44	0,0	44	0,2	44	3,5	44	0,0	44	0,0	44	0,0	44	0,5	44	0,1	44	1,5	44	0,1	44	0,0	44	0,1	44	0,0	44	0,0	44	0,0	44	0,0	44	0,0	44	NaN	44	2,6	
45	7,8E+2	45	7,4E+7	45	0,0	45	0,1	45	0,2	45	1,0	45	2,7	45	3,1	45	17,4	45	0,4	45	0,1	45	0,1	45	0,1	45	3,4	45	0,0	45	0,0	45	0,0	45	0,6	45	0,1	45	1,5	45	0,0	45	0,1	45	0,1	45	0,0	45	0,0	45	0,0	45	0,0	45	0,0	45	NaN	45	2,1	
46	7,8E+2	46	7,3E+7	46	0,0	46	0,1	46	0,2	46	1,0	46	2,3	46	3,5	46	16,6	46	0,4	46	0,1	46	0,1	46	0,1	46	3,5	46	0,0	46	0,0	46	0,0	46	0,6	46	0,1	46	1,3	46	0,1	46	0,0	46	0,1	46	0,0	46	0,0	46	0,0	46	0,0	46	0,0	46	NaN	46	2,3	
47	7,7E+2	47	7,3E+7	47	0,0	47	0,1	47	0,2	47	1,0	47	2,6	47	3,1	47	16,9	47	0,4	47	0,2	47	0,2	47	0,1	47	3,6	47	0,0	47	0,0	47	0,0	47	0,4	47	0,1	47	1,4	47	0,1	47	0,0	47	0,0	47	0,0	47	0,0	47	0,0	47	0,0	47	0,0	47	NaN	47	2,3	
48	7,6E+2	48	7,5E+7	48	0,0	48	0,1	48	0,2	48	1,0	48	2,6	48	2,7	48	15,7	48	0,4	48	0,1	48	0,1	48	0,2	48	3,4	48	0,0	48	0,0	48	0,0	48	0,6	48	0,1	48	1,3	48	0,0	48	0,0	48	0,1	48	0,0	48	0,0	48	0,0	48	0,0	48	0,0	48	NaN	48	2,5	
49	7,4E+2	49	7,5E+7	49	0,0	49	0,1	49	0,2	49	1,0	49	2,4	49	2,6	49	15,6	49	0,5	49	0,2	49	0,1	49	0,2	49	3,2	49	0,0	49	0,0	49	0,0	49	0,4	49	0,1	49	1,1	49	0,1	49	0,0	49	0,1	49	0,0	49	0,0	49	0,0	49	0,0	49	0,0	49	NaN	49	2,3	
50	7,4E+2	50	7,5E+7	50	0,0	50	0,1	50	0,2	50	1,0	50	2,5	50	3,0	50	14,4	50	0,5	50	0,1	50	0,1	50	0,1	50	3,2	50	0,0	50	0,0	50	0,0	50	0,4	50	0,1	50	1,3	50	0,1	50	0,0	50	0,1	50	0,0	50	0,0	50	0,0	50	0,0	50	0,0	50	NaN	50	2,6	
51	7,3E+2	51	7,5E+7	51	0,0	51	0,1	51	0,2	51	1,0	51	2,5	51	2,8	51	14,3	51	0,4	51	0,2	51	0,1	51	0,1	51	3,2	51	0,0	51	0,0	51	0,0	51	0,6	51	0,1	51	1,2	51	0,2	51	0,0	51	0,0	51	0,0	51	0,0	51	0,0	51	0,0	51	0,0	51	NaN	51	2,1	
52	7,2E+2	52	7,6E+7	52	0,0	52	0,1	52	0,2	52	1,0	52	2,1	52	2,8	52	13,8	52	0,4	52	0,1	52	0,0	52	0,1	52	3,3	52	0,0	52	0,0	52	0,0	52	0,3	52	0,1	52	1,8	52	0,1	52	0,0	52	0,1	52	0,0	52	0,0	52	0,0	52	0,0	52	0,0	52	NaN	52	2,5	
53	7,2E+2	53	7,5E+7	53	0,0	53	0,1	53	0,2	53	1,0	53	2,7	53	3,0	53	18,5	53	0,4	53	0,1	53	0,1	53	0,1	53	3,8	53	0,0	53	0,0	53	0,0	53	0,7	53	0,1	53	4,7	53	0,1	53	0,0	53	0,0	53	0,0	53	0,0	53	0,0	53	0,0	53	0,0	53	Inf	53	7,8	
54	7,5E+2	54	7,4E+7	54	0,0	54	0,1	54	0,2	54	1,2	54	4,1	54	4,4	54	48,9	54	0,4	54	0,3	54	0,0	54	0,3	54	3,4	54	0,0	54	0,0	54	0,0	54	0,7	54	0,0	54	5,4	54	0,1	54	0,0	54	0,0	54	0,0	54	0,0	54	0,0	54	0,0	54	0,0	54	NaN	54	3,2	
55	7,3E+2	55	7,6E+7	55	0,0	55	0,1	55	0,2	55	1,2	55	3,1	55	4,7	55	56,6	55	0,4	55	0,2	55	0,1	55	0,1	55	3,6	55	0,0	55	0,0	55	0,0	55	0,7	55	0,0	55	5,4	55	0,1	55	0,0	55	0,0	55	0,0	55	0,0	55	0,0	55	0,0	55	0,0	55	NaN	55	2,5	
56	7,3E+2	56	7,5E+7	56	0,0	56	0,1	56	0,2	56	1,2	56	3,0	56	4,5	56	55,9	56	0,4	56	0,3	56	0,1	56	0,2	56	4,6	56	0,0	56	0,0	56	0,0	56	0,8	56	0,1	56	4,9	56	0,1	56	0,0	56	0,1	56	0,0	56	0,0	56	0,0	56	0,0	56	0,0	56	NaN	56	2,4	
57	7,1E+2	57	7,5E+7	57	0,0	57	0,1	57	0,2	57	1,2	57	3,3	57	4,2	57	55,8	57	0,2	57	0,3	57	0,1	57	0,1	57	4,6	57	0,0	57	0,0	57	0,0	57	0,6	57	0,1	57	4,5	57	0,1	57	0,0	57	0,0	57	0,0	57	0,0	57	0,0	57	0,0	57	0,0	57	NaN	57	3,0	
58	7,2E+2	58	7,5E+7	58	0,0	58	0,1	58	0,2	58	1,2	58	2,5	58	4,9	58	55,3	58	0,4	58	0,2	58	0,0	58	0,2	58	5,6	58	0,0	58	0,0	58	0,0	58	0,8	58	0,1	58	4,8	58	0,1	58	0,1	58	0,1	58	0,0	58	0,0	58	0,0	58	0,0	58	0,0	58	NaN	58	3,1	
59	7,2E+2	59	7,4E+7	59	0,0	59	0,1	59	0,2	59	1,2	59	2,1	59	4,7	59	53,1	59	0,3	59	0,1	59	0,2	59	0,3	59	5,7	59	0,0	59	0,0	59	0,0	59	0,7	59	0,1	59	4,5	59	0,1	59	0,0	59	0,0	59	0,0	59	0,0	59	0,0	59	0,0	59	0,0	59	NaN	59	3,0	
60	6,8E+2	60	7,7E+7	60	0,0	60	0,1	60	0,2	60	1,1	60	2,4	60	4,3	60	50,5	60	0,4	60	0,2	60	0,1	60	0,1	60	5,5	60	0,0	60	0,0	60	0,0	60	0,8	60	0,0	60	4,6	60	0,1	60	0,0	60	0,1	60	0,0	60	0,0	60	0,0	60	0,0	60	0,0	60	NaN	60	2,6	
61	7,3E+2	61	7,4E+7	61	0,0	61	0,1	61	0,2	61	1,2	61	2,5	61	4,2	61	50,7	61	0,4	61	0,2	61	0,1	61	0,2	61	6,2	61	0,0	61	0,0	61	0,0	61	0,7	61	0,1	61	4,3	61	0,1	61	0,1	61	0,1	61	0,0	61	0,0	61	0,0	61	0,0	61	0,0	61	NaN	61	2,4	
62	7,0E+2	62	7,5E+7	62	0,0	62	0,1	62	0,2	62	1,1	62	2,2	62	3,8	62	48,4	62	0,5	62	0,3	62	0,2	62	0,1	62	5,9	62	0,0	62	0,0	62	0,0	62	0,7	62	0,1	62	4,2	62	0,1	62	0,0	62	0,1	62	0,0	62	0,0	62	0,0	62	0,0	62	0,0	62	NaN	62	2,9	
63	7,0E+2	63	7,5E+7	63	0,0	63	0,1	63	0,2	63	1,1	63	2,7	63	4,9	63	47,0	63	0,2	63	0,2	63	0,1	63	0,2	63	6,2	63	0,0	63	0,0	63	0,0	63	0,8	63	0,1	63	4,4	63	0,1	63	0,0	63	0,1	63	0,0	63	0,0	63	0,0	63	0,0	63	0,0	63	NaN	63	3,1	
64	6,9E+2	64	7,6E+7	64	0,0	64	0,1	64	0,2	64	1,1	64	2,7	64	4,1	64	46,5	64	0,3	64	0,1	64	0,1	64	0,2	64	5,2	64	0,0	64	0,0	64	0,0	64	0,7	64	0,1	64	4,5	64	0,1	64	0,0	64	0,0	64	0,0	64	0,0	64	0,0	64	0,0	64	0,0	64	NaN	64	3,0	
65	6,7E+2	65	7,6E+7	65	0,0	65	0,1	65	0,2	65	1,1	65	3,0	65	4,3	65	46,1	65	0,4	65	0,1	65	0,1	65	0,2	65	5,4	65	0,0	65	0,0	65	0,0	65	0,7	65	0,0	65	4,2	65	0,1	65	0,0	65	0,1	65	0,0	65	0,0	65	0,0	65	0,0	65	0,0	65	NaN	65	2,8	
66	6,8E+2	66	7,5E+7	66	0,0	66	0,1	66	0,2	66	1,1	66	2,5	66	4,7	66	44,7	66	0,4	66	0,2	66	0,1	66	0,1	66	6,0	66	0,0	66	0,0	66	0,0	66	0,7	66	0,1	66	3,7	66	0,2	66	0,0	66	0,1	66	0,0	66	0,0	66	0,0	66	0,0	66	0,0	66	NaN	66	3,0	
67	6,7E+2	67	7,5E+7	67	0,0	67	0,1	67	0,2	67	1,1	67	2,8	67	4,1	67	43,9	67	0,5	67	0,2	67	0,1	67	0,1	67	5,9	67	0,0	67	0,0	67	0,0	67	0,5	67	0,1	67	4,1	67	0,1	67	0,0	67	0,0	67	0,0	67	0,0	67	0,0	67	0,0	67	0,0	67	NaN	67	2,7	
68	6,7E+2	68	7,6E+7	68	0,0	68	0,1	68	0,2	68	1,1	68	2,5	68	4,3	68	44,4	68	0,5	68	0,1	68	0,1	68	0,2	68	5,7	68	0,0	68	0,0	68	0,0	68	0,8	68	0,1	68	4,1	68	0,1	68	0,0	68	0,1	68	0,0	68	0,0	68	0,0	68	0,0	68	0,0	68	NaN	68	2,4	
69	6,6E+2	69	7,6E+7	69	0,0	69	0,1	69	0,2	69	1,1	69	2,7	69	4,2	69	43,2	69	0,6	69	0,2	69	0,1	69	0,1	69	5,6	69	0,0	69	0,0	69	0,0	69	0,7	69	0,0	69	4,1	69	0,1	69	0,1	69	0,1	69	0,0	69	0,0	69	0,0	69	0,0	69	0,0	69	Inf	69	2,3	
70	6,7E+2	70	7,4E+7	70	0,0	70	0,1	70	0,2	70	1,1	70	2,7	70	4,3	70	44,1	70	0,4	70	0,3	70	0,1	70	0,2	70	6,0	70	0,0	70	0,0	70	0,0	70	0,8	70	0,0	70	3,8	70	0,1	70	0,1	70	0,2	70	0,0	70	0,0	70	0,0	70	0,0	70	0,0	70	NaN	70	2,6	
71	6,6E+2	71	7,5E+7	71	0,0	71	0,1	71	0,2	71	1,1	71	2,7	71	4,5	71	40,3	71	0,4	71	0,2	71	0,1	71	0,1	71	5,8	71	0,0	71	0,0	71	0,0	71	0,6	71	0,1	71	3,3	71	0,1	71	0,1	71	0,1	71	0,0	71	0,0	71	0,0	71	0,0	71	0,0	71	NaN	71	2,3	
72	6,6E+2	72	7,5E+7	72	0,0	72	0,1	72	0,2	72	1,1	72	3,0	72	4,2	72	40,6	72	0,3	72	0,2	72	0,1	72	0,1	72	6,4	72	0,0	72	0,0	72	0,0	72	0,6	72	0,0	72	3,5	72	0,1	72	0,0	72	0,0	72	0,0	72	0,0	72	0,0	72	0,0	72	0,0	72	NaN	72	2,1	
73	6,5E+2	73	7,6E+7	73	0,0	73	0,1	73	0,2	73	1,1	73	2,7	73	4,4	73	40,6	73	0,4	73	0,2	73	0,1	73	0,2	73	5,9	73	0,0	73	0,0	73	0,0	73	0,7	73	0,1	73	3,6	73	0,1	73	0,0	73	0,1	73	0,0	73	0,0	73	0,0	73	0,0	73	0,0	73	NaN	73	3,0	
74	6,4E+2	74	7,5E+7	74	0,0	74	0,1	74	0,2	74	1,1	74	2,5	74	4,4	74	40,3	74	0,4	74	0,1	74	0,1	74	0,2	74	5,9	74	0,0	74	0,0	74	0,0	74	0,6	74	0,1	74	2,8	74	0,1	74	0,0	74	0,0	74	0,0	74	0,0	74	0,0	74	0,0	74	0,0	74	NaN	74	2,2	
75	6,3E+2	75	7,7E+7	75	0,0	75	0,1	75	0,2	75	1,0	75	2,2	75	2,4	75	21,3	75	0,3	75	0,1	75	0,1	75	0,1	75	6,0	75	0,0	75	0,0	75	0,0	75	0,8	75	0,1	75	12,8	75	0,1	75	0,1	75	0,1	75	0,0	75	0,0	75	0,0	75	0,0	75	0,0	75	NaN	75	6,0	
76	6,2E+2	76	7,8E+7	76	0,0	76	0,1	76	0,2	76	1,2	76	4,3	76	11,4	76	1,1E+2	76	0,9	76	0,3	76	0,1	76	0,3	76	5,7	76	0,0	76	0,0	76	0,0	76	0,9	76	0,1	76	11,3	76	0,1	76	0,0	76	0,0	76	0,0	76	0,0	76	0,0	76	0,0	76	0,0	76	NaN	76	3,2	
77	6,4E+2	77	7,6E+7	77	0,0	77	0,1	77	0,2	77	1,2	77	2,9	77	16,1	77	1,5E+2	77	1,3	77	0,5	77	0,0	77	0,3	77	6,6	77	0,0	77	0,0	77	0,0	77	1,0	77	0,0	77	12,8	77	0,1	77	0,0	77	0,1	77	0,0	77	0,0	77	0,0	77	0,0	77	0,0	77	NaN	77	2,5	
78	6,3E+2	78	7,6E+7	78	0,0	78	0,1	78	0,2	78	1,2	78	2,6	78	15,3	78	1,4E+2	78	1,0	78	0,4	78	0,1	78	0,3	78	7,9	78	0,0	78	0,0	78	0,0	78	1,1	78	0,0	78	11,7	78	0,1	78	0,0	78	0,0	78	0,0	78	0,0	78	0,0	78	0,0	78	0,0	78	Inf	78	2,4	
79	6,3E+2	79	7,6E+7	79	0,0	79	0,1	79	0,2	79	1,2	79	3,3	79	14,1	79	1,3E+2	79	1,1	79	0,4	79	0,2	79	0,3	79	9,0	79	0,0	79	0,0	79	0,0	79	0,9	79	0,1	79	12,0	79	0,2	79	0,0	79	0,1	79	0,0	79	0,0	79	0,0	79	0,0	79	0,0	79	NaN	79	2,8	
80	6,1E+2	80	7,8E+7	80	0,0	80	0,1	80	0,2	80	1,1	80	2,6	80	13,5	80	1,3E+2	80	1,1	80	0,3	80	0,1	80	0,4	80	9,1	80	0,0	80	0,0	80	0,0	80	0,9	80	0,1	80	11,4	80	0,1	80	0,0	80	0,1	80	0,0	80	0,0	80	0,0	80	0,0	80	0,0	80	NaN	80	2,8	
81	6,2E+2	81	7,6E+7	81	0,0	81	0,1	81	0,2	81	1,2	81	3,1	81	13,9	81	1,2E+2	81	1,0	81	0,3	81	0,2	81	0,3	81	9,2	81	0,0	81	0,0	81	0,0	81	1,0	81	0,0	81	10,9	81	0,1	81	0,0	81	0,1	81	0,0	81	0,0	81	0,0	81	0,0	81	0,0	81	NaN	81	2,4	
82	6,4E+2	82	7,5E+7	82	0,0	82	0,1	82	0,2	82	1,2	82	2,8	82	13,7	82	1,2E+2	82	1,1	82	0,4	82	0,1	82	0,2	82	8,9	82	0,0	82	0,0	82	0,0	82	0,8	82	0,0	82	10,6	82	0,2	82	0,1	82	0,1	82	0,0	82	0,0	82	0,0	82	0,0	82	0,0	82	NaN	82	2,6	
83	6,2E+2	83	7,7E+7	83	0,0	83	0,1	83	0,2	83	1,1	83	2,7	83	13,4	83	1,1E+2	83	1,2	83	0,3	83	0,2	83	0,3	83	8,5	83	0,0	83	0,0	83	0,0	83	0,9	83	0,1	83	9,2	83	0,2	83	0,0	83	0,1	83	0,0	83	0,0	83	0,0	83	0,0	83	0,0	83	NaN	83	3,0	
84	6,3E+2	84	7,6E+7	84	0,0	84	0,1	84	0,2	84	1,1	84	2,6	84	14,2	84	1,1E+2	84	0,8	84	0,3	84	0,1	84	0,3	84	9,0	84	0,0	84	0,0	84	0,0	84	0,8	84	0,1	84	10,0	84	0,1	84	0,0	84	0,0	84	0,0	84	0,0	84	0,0	84	0,0	84	0,0	84	NaN	84	2,5	
85	6,1E+2	85	7,7E+7	85	0,0	85	0,1	85	0,2	85	1,1	85	2,7	85	12,8	85	1,0E+2	85	1,0	85	0,3	85	0,2	85	0,2	85	8,7	85	0,0	85	0,0	85	0,0	85	0,8	85	0,1	85	9,2	85	0,2	85	0,0	85	0,1	85	0,0	85	0,0	85	0,0	85	0,0	85	0,0	85	NaN	85	2,6	
86	6,1E+2	86	7,5E+7	86	0,0	86	0,1	86	0,2	86	1,1	86	2,6	86	13,4	86	1,0E+2	86	1,1	86	0,3	86	0,2	86	0,2	86	9,1	86	0,0	86	0,0	86	0,0	86	0,8	86	0,1	86	9,1	86	0,1	86	0,0	86	0,1	86	0,0	86	0,0	86	0,0	86	0,0	86	0,0	86	NaN	86	2,7	
87	6,1E+2	87	7,6E+7	87	0,0	87	0,1	87	0,2	87	1,1	87	2,8	87	13,5	87	98,6	87	1,2	87	0,4	87	0,1	87	0,3	87	8,7	87	0,0	87	0,0	87	0,0	87	1,0	87	0,1	87	8,5	87	0,2	87	0,0	87	0,1	87	0,0	87	0,0	87	0,0	87	0,0	87	0,0	87	NaN	87	2,9	
88	6,2E+2	88	7,5E+7	88	0,0	88	0,1	88	0,2	88	1,1	88	2,6	88	13,2	88	95,9	88	1,1	88	0,3	88	0,1	88	0,3	88	8,9	88	0,0	88	0,0	88	0,0	88	0,8	88	0,0	88	8,4	88	0,1	88	0,0	88	0,0	88	0,0	88	0,0	88	0,0	88	0,0	88	0,0	88	NaN	88	2,3	
89	6,0E+2	89	7,6E+7	89	0,0	89	0,1	89	0,2	89	1,1	89	2,4	89	12,6	89	95,8	89	0,9	89	0,3	89	0,2	89	0,3	89	9,4	89	0,0	89	0,0	89	0,0	89	0,8	89	0,0	89	7,8	89	0,2	89	0,0	89	0,1	89	0,0	89	0,0	89	0,0	89	0,0	89	0,0	89	NaN	89	3,0	
90	6,1E+2	90	7,6E+7	90	0,0	90	0,1	90	0,2	90	1,1	90	2,8	90	12,8	90	88,8	90	1,2	90	0,3	90	0,2	90	0,2	90	9,0	90	0,0	90	0,0	90	0,0	90	1,0	90	0,0	90	8,1	90	0,2	90	0,0	90	0,1	90	0,0	90	0,0	90	0,0	90	0,0	90	0,0	90	NaN	90	2,7	
91	6,1E+2	91	7,6E+7	91	0,0	91	0,1	91	0,2	91	1,1	91	2,5	91	12,6	91	87,3	91	1,1	91	0,3	91	0,2	91	0,3	91	8,8	91	0,0	91	0,0	91	0,0	91	0,7	91	0,1	91	7,8	91	0,2	91	0,1	91	0,1	91	0,0	91	0,0	91	0,0	91	0,0	91	0,0	91	NaN	91	2,5	
92	6,0E+2	92	7,7E+7	92	0,0	92	0,1	92	0,2	92	1,1	92	2,7	92	12,5	92	84,9	92	1,0	92	0,3	92	0,1	92	0,3	92	9,1	92	0,0	92	0,0	92	0,0	92	0,9	92	0,0	92	8,1	92	0,2	92	0,1	92	0,1	92	0,0	92	0,0	92	0,0	92	0,0	92	0,0	92	NaN	92	2,8	
93	5,9E+2	93	7,6E+7	93	0,0	93	0,1	93	0,2	93	1,1	93	2,6	93	13,5	93	84,3	93	1,1	93	0,3	93	0,1	93	0,3	93	9,3	93	0,0	93	0,0	93	0,0	93	1,0	93	0,1	93	8,1	93	0,1	93	0,1	93	0,0	93	0,0	93	0,0	93	0,0	93	0,0	93	0,0	93	NaN	93	2,6	
94	5,9E+2	94	7,7E+7	94	0,0	94	0,1	94	0,2	94	1,1	94	2,8	94	12,3	94	79,2	94	0,9	94	0,3	94	0,0	94	0,1	94	9,2	94	0,0	94	0,0	94	0,0	94	0,8	94	0,1	94	7,1	94	0,1	94	0,0	94	0,1	94	0,0	94	0,0	94	0,0	94	0,0	94	0,0	94	NaN	94	2,7	
95	5,8E+2	95	7,7E+7	95	0,0	95	0,1	95	0,2	95	1,1	95	2,5	95	12,2	95	79,8	95	1,2	95	0,2	95	0,1	95	0,3	95	8,9	95	0,0	95	0,0	95	0,0	95	1,1	95	0,1	95	6,9	95	0,2	95	0,0	95	0,1	95	0,0	95	0,0	95	0,0	95	0,0	95	0,0	95	NaN	95	2,4	
96	5,9E+2	96	7,6E+7	96	0,0	96	0,1	96	0,2	96	1,1	96	2,6	96	12,7	96	77,5	96	1,0	96	0,2	96	0,2	96	0,2	96	8,6	96	0,0	96	0,0	96	0,0	96	0,8	96	0,1	96	6,2	96	0,1	96	0,0	96	0,1	96	0,0	96	0,0	96	0,0	96	0,0	96	0,0	96	NaN	96	2,4	
97	5,7E+2	97	7,7E+7	97	0,0	97	0,1	97	0,2	97	1,1	97	2,7	97	12,3	97	74,9	97	1,1	97	0,3	97	0,1	97	0,1	97	9,0	97	0,0	97	0,0	97	0,0	97	0,7	97	0,1	97	6,3	97	0,1	97	0,0	97	0,1	97	0,0	97	0,0	97	0,0	97	0,0	97	0,0	97	NaN	97	2,5	
98	5,8E+2	98	7,6E+7	98	0,0	98	0,1	98	0,2	98	1,0	98	2,6	98	9,3	98	56,2	98	0,9	98	0,3	98	0,1	98	0,2	98	8,6	98	0,0	98	0,0	98	0,0	98	0,8	98	0,1	98	3,3	98	0,1	98	0,0	98	0,1	98	0,0	98	0,0	98	0,0	98	0,0	98	0,0	98	NaN	98	12,9	
99	5,9E+2	99	7,6E+7	99	0,0	99	0,1	99	0,2	99	1,0	99	4,3	99	0,6	99	3,3	99	0,3	99	0,2	99	0,1	99	0,1	99	8,0	99	0,0	99	0,0	99	0,0	99	0,5	99	0,1	99	0,4	99	0,1	99	0,0	99	0,1	99	0,0	99	0,0	99	0,0	99	0,0	99	0,0	99	NaN	99	2,4	
100	6,0E+2	100	7,3E+7	100	0,0	100	0,1	100	0,2	100	0,9	100	2,4	100	0,6	100	3,4	100	0,3	100	0,2	100	0,1	100	0,1	100	5,4	100	0,0	100	0,0	100	0,0	100	0,2	100	0,1	100	0,4	100	0,0	100	0,0	100	0,1	100	0,0	100	0,0	100	0,0	100	0,0	100	0,0	100	NaN	100	2,0	
101	5,8E+2	101	7,5E+7	101	0,0	101	0,1	101	0,2	101	0,9	101	2,1	101	0,6	101	2,5	101	0,2	101	0,3	101	0,1	101	0,1	101	3,4	101	0,0	101	0,0	101	0,0	101	0,4	101	0,0	101	0,2	101	0,0	101	0,0	101	0,1	101	0,0	101	0,0	101	0,0	101	0,0	101	0,0	101	NaN	101	2,0	
102	5,7E+2	102	7,5E+7	102	0,0	102	0,1	102	0,2	102	0,9	102	2,2	102	0,6	102	2,1	102	0,2	102	0,3	102	0,1	102	0,1	102	2,6	102	0,0	102	0,0	102	0,0	102	0,4	102	0,1	102	0,2	102	0,0	102	0,0	102	0,1	102	0,0	102	0,0	102	0,0	102	0,0	102	0,0	102	NaN	102	2,1	
103	5,5E+2	103	7,7E+7	103	0,0	103	0,1	103	0,2	103	0,9	103	2,0	103	0,5	103	2,2	103	0,3	103	0,1	103	0,0	103	0,1	103	2,0	103	0,0	103	0,0	103	0,0	103	0,4	103	0,1	103	0,2	103	0,1	103	0,0	103	0,1	103	0,0	103	0,0	103	0,0	103	0,0	103	0,0	103	NaN	103	2,1	
