Cycle - m/z 18.00 ch0	Amplitude - m/z 18.00 ch0	Cycle - m/z 21.00 ch1	Amplitude - m/z 21.00 ch1	Cycle - m/z 25.00 ch2	Amplitude - m/z 25.00 ch2	Cycle - m/z 30.00 ch3	Amplitude - m/z 30.00 ch3	Cycle - m/z 32.00 ch4	Amplitude - m/z 32.00 ch4	Cycle - m/z 37.00 ch5	Amplitude - m/z 37.00 ch5	Cycle - m/z 59.00 ch6	Amplitude - m/z 59.00 ch6	Cycle - m/z 107.00 ch7	Amplitude - m/z 107.00 ch7	Cycle - m/z 137.00 ch8	Amplitude - m/z 137.00 ch8	Cycle - m/z 121.00 ch9	Amplitude - m/z 121.00 ch9	Cycle - m/z 123.00 ch10	Amplitude - m/z 123.00 ch10	Cycle - m/z 151.00 ch11	Amplitude - m/z 151.00 ch11	Cycle - m/z 153.00 ch12	Amplitude - m/z 153.00 ch12	Cycle - m/z 165.00 ch13	Amplitude - m/z 165.00 ch13	Cycle - m/z 213.00 ch14	Amplitude - m/z 213.00 ch14	Cycle - m/z 229.00 ch15	Amplitude - m/z 229.00 ch15	Cycle - m/z 271.00 ch16	Amplitude - m/z 271.00 ch16	Cycle - m/z 109.00 ch17	Amplitude - m/z 109.00 ch17	Cycle - m/z 131.00 ch18	Amplitude - m/z 131.00 ch18	Cycle - m/z 138.00 ch19	Amplitude - m/z 138.00 ch19	Cycle - m/z 167.00 ch20	Amplitude - m/z 167.00 ch20	Cycle - m/z 179.00 ch21	Amplitude - m/z 179.00 ch21	Cycle - m/z 181.00 ch22	Amplitude - m/z 181.00 ch22	Cycle - m/z 193.00 ch23	Amplitude - m/z 193.00 ch23	Cycle - m/z 205.00 ch24	Amplitude - m/z 205.00 ch24	Cycle - m/z 285.00 ch25	Amplitude - m/z 285.00 ch25	Cycle - m/z 295.00 ch26	Amplitude - m/z 295.00 ch26	Cycle - m/z 299.00 ch27	Amplitude - m/z 299.00 ch27	Cycle - m/z 327.00 ch28	Amplitude - m/z 327.00 ch28	Cycle - m/z 59.00 ch29	Amplitude - m/z 59.00 ch29	
0	5,8E+4	0	4,0E+4	0	0,0	0	1,3E+4	0	4,7E+4	0	2,0E+5	0	5,1E+2	0	1,1E+2	0	10,0	0	90,0	0	35,0	0	10,0	0	30,0	0	5,0	0	0,0	0	0,0	0	0,0	0	95,0	0	15,0	0	5,0	0	5,0	0	5,0	0	0,0	0	5,0	0	0,0	0	0,0	0	0,0	0	0,0	0	0,0	0	4,6E+2	
1	6,2E+4	1	4,0E+4	1	0,0	1	1,3E+4	1	4,6E+4	1	2,0E+5	1	5,0E+2	1	40,0	1	25,0	1	55,0	1	30,0	1	15,0	1	35,0	1	5,0	1	5,0	1	0,0	1	0,0	1	1,0E+2	1	40,0	1	0,0	1	0,0	1	15,0	1	5,0	1	0,0	1	0,0	1	0,0	1	0,0	1	0,0	1	5,0	1	3,5E+2	
2	6,2E+4	2	3,9E+4	2	0,0	2	1,2E+4	2	4,5E+4	2	2,0E+5	2	4,4E+2	2	60,0	2	20,0	2	75,0	2	35,0	2	15,0	2	30,0	2	5,0	2	5,0	2	0,0	2	0,0	2	95,0	2	20,0	2	0,0	2	20,0	2	5,0	2	5,0	2	0,0	2	0,0	2	5,0	2	0,0	2	5,0	2	0,0	2	4,7E+2	
3	6,1E+4	3	3,9E+4	3	0,5	3	1,3E+4	3	4,6E+4	3	2,0E+5	3	4,4E+2	3	85,0	3	35,0	3	65,0	3	65,0	3	10,0	3	50,0	3	10,0	3	0,0	3	0,0	3	5,0	3	1,2E+2	3	20,0	3	0,0	3	5,0	3	0,0	3	0,0	3	0,0	3	0,0	3	0,0	3	0,0	3	0,0	3	0,0	3	4,7E+2	
4	6,2E+4	4	4,1E+4	4	0,5	4	1,3E+4	4	4,5E+4	4	2,0E+5	4	4,9E+2	4	90,0	4	15,0	4	50,0	4	65,0	4	0,0	4	30,0	4	5,0	4	0,0	4	0,0	4	0,0	4	100,0	4	20,0	4	5,0	4	5,0	4	5,0	4	0,0	4	5,0	4	0,0	4	0,0	4	0,0	4	0,0	4	0,0	4	4,7E+2	
5	6,3E+4	5	4,0E+4	5	0,0	5	1,3E+4	5	4,5E+4	5	2,0E+5	5	4,4E+2	5	1,1E+2	5	25,0	5	50,0	5	35,0	5	10,0	5	30,0	5	15,0	5	0,0	5	0,0	5	0,0	5	80,0	5	40,0	5	0,0	5	5,0	5	5,0	5	0,0	5	5,0	5	0,0	5	0,0	5	0,0	5	0,0	5	0,0	5	4,6E+2	
6	6,2E+4	6	4,1E+4	6	0,0	6	1,3E+4	6	4,7E+4	6	2,0E+5	6	3,7E+2	6	50,0	6	45,0	6	75,0	6	30,0	6	10,0	6	35,0	6	10,0	6	0,0	6	0,0	6	0,0	6	1,2E+2	6	25,0	6	10,0	6	0,0	6	0,0	6	5,0	6	10,0	6	5,0	6	0,0	6	5,0	6	0,0	6	0,0	6	4,7E+2	
7	4,2E+2	7	7,0E+7	7	0,0	7	0,1	7	0,2	7	0,8	7	2,2	7	0,2	7	0,1	7	0,1	7	0,1	7	0,0	7	0,0	7	0,0	7	0,0	7	0,0	7	0,0	7	0,3	7	0,1	7	0,0	7	0,0	7	0,0	7	0,0	7	0,0	7	0,0	7	0,0	7	0,0	7	0,0	7	NaN	7	2,1	
8	4,3E+2	8	7,1E+7	8	0,0	8	0,1	8	0,2	8	0,8	8	1,9	8	0,3	8	0,1	8	0,2	8	0,1	8	0,0	8	0,0	8	0,0	8	0,0	8	0,0	8	0,0	8	0,4	8	0,1	8	0,0	8	0,0	8	0,0	8	0,0	8	0,0	8	0,0	8	0,0	8	0,0	8	0,0	8	NaN	8	1,7	
9	4,3E+2	9	7,0E+7	9	0,0	9	0,1	9	0,2	9	0,8	9	1,8	9	0,2	9	0,0	9	0,2	9	0,1	9	0,0	9	0,1	9	0,0	9	0,0	9	0,0	9	0,0	9	0,3	9	0,1	9	0,1	9	0,0	9	0,0	9	0,0	9	0,0	9	0,0	9	0,0	9	0,0	9	0,0	9	NaN	9	2,0	
10	4,2E+2	10	7,1E+7	10	0,0	10	0,1	10	0,2	10	0,8	10	1,7	10	0,3	10	0,1	10	0,1	10	0,1	10	0,1	10	0,1	10	0,0	10	0,0	10	0,0	10	0,0	10	0,3	10	0,1	10	0,0	10	0,0	10	0,0	10	0,0	10	0,0	10	0,0	10	0,0	10	0,0	10	0,0	10	NaN	10	2,2	
11	4,2E+2	11	7,1E+7	11	0,0	11	0,1	11	0,2	11	0,8	11	2,3	11	0,2	11	0,1	11	0,1	11	0,1	11	0,0	11	0,1	11	0,0	11	0,0	11	0,0	11	0,0	11	0,2	11	0,0	11	0,0	11	0,0	11	0,0	11	0,0	11	0,0	11	0,0	11	0,0	11	0,0	11	0,0	11	NaN	11	1,9	
12	4,3E+2	12	7,0E+7	12	0,0	12	0,1	12	0,2	12	0,8	12	2,1	12	0,2	12	0,1	12	0,1	12	0,1	12	0,0	12	0,0	12	0,0	12	0,0	12	0,0	12	0,0	12	0,3	12	0,1	12	0,0	12	0,0	12	0,0	12	0,0	12	0,0	12	0,0	12	0,0	12	0,0	12	0,0	12	NaN	12	2,1	
13	4,4E+2	13	6,9E+7	13	0,0	13	0,1	13	0,2	13	0,8	13	1,8	13	0,2	13	0,1	13	0,1	13	0,1	13	0,0	13	0,1	13	0,0	13	0,0	13	0,0	13	0,0	13	0,4	13	0,0	13	0,0	13	0,0	13	0,0	13	0,0	13	0,0	13	0,0	13	0,0	13	0,0	13	0,0	13	NaN	13	1,9	
14	4,2E+2	14	7,1E+7	14	0,0	14	0,1	14	0,2	14	0,8	14	2,3	14	0,3	14	0,1	14	0,2	14	0,1	14	0,1	14	0,1	14	0,0	14	0,0	14	0,0	14	0,0	14	0,3	14	0,0	14	0,0	14	0,0	14	0,0	14	0,0	14	0,0	14	0,0	14	0,0	14	0,0	14	0,0	14	NaN	14	2,4	
15	4,4E+2	15	7,0E+7	15	0,0	15	0,1	15	0,2	15	0,8	15	2,2	15	0,2	15	0,0	15	0,1	15	0,1	15	0,1	15	0,0	15	0,0	15	0,0	15	0,0	15	0,0	15	0,3	15	0,1	15	0,0	15	0,0	15	0,0	15	0,0	15	0,0	15	0,0	15	0,0	15	0,0	15	0,0	15	NaN	15	1,8	
16	4,4E+2	16	7,0E+7	16	0,0	16	0,1	16	0,2	16	0,8	16	2,3	16	0,3	16	0,1	16	0,1	16	0,1	16	0,0	16	0,1	16	0,0	16	0,0	16	0,0	16	0,0	16	0,3	16	0,0	16	0,0	16	0,0	16	0,0	16	0,0	16	0,0	16	0,0	16	0,0	16	0,0	16	0,0	16	NaN	16	1,9	
17	4,4E+2	17	7,0E+7	17	0,0	17	0,1	17	0,2	17	0,8	17	1,8	17	0,3	17	0,1	17	0,2	17	0,2	17	0,0	17	0,1	17	0,0	17	0,0	17	0,0	17	0,0	17	0,1	17	0,1	17	0,0	17	0,0	17	0,0	17	0,0	17	0,0	17	0,0	17	0,0	17	0,0	17	0,0	17	NaN	17	1,7	
18	4,3E+2	18	7,1E+7	18	0,0	18	0,1	18	0,2	18	0,8	18	1,8	18	0,3	18	0,0	18	0,2	18	0,1	18	0,0	18	0,1	18	0,0	18	0,0	18	0,0	18	0,0	18	0,3	18	0,1	18	0,0	18	0,0	18	0,0	18	0,0	18	0,0	18	0,0	18	0,0	18	0,0	18	0,0	18	NaN	18	2,0	
19	4,4E+2	19	7,0E+7	19	0,0	19	0,1	19	0,2	19	0,8	19	2,0	19	0,2	19	0,1	19	0,1	19	0,1	19	0,0	19	0,1	19	0,0	19	0,0	19	0,0	19	0,0	19	0,3	19	0,1	19	0,0	19	0,1	19	0,0	19	0,0	19	0,0	19	0,0	19	0,0	19	0,0	19	0,0	19	NaN	19	2,2	
20	4,3E+2	20	7,1E+7	20	0,0	20	0,1	20	0,2	20	0,8	20	2,0	20	0,3	20	0,0	20	0,2	20	0,2	20	0,0	20	0,1	20	0,0	20	0,0	20	0,0	20	0,0	20	0,3	20	0,1	20	0,0	20	0,0	20	0,0	20	0,0	20	0,0	20	0,0	20	0,0	20	0,0	20	0,0	20	NaN	20	6,6	
21	4,3E+2	21	7,2E+7	21	0,0	21	0,1	21	0,2	21	1,1	21	3,7	21	3,8E+2	21	5,2E+2	21	44,1	21	1,4	21	0,1	21	1,1	21	0,9	21	0,0	21	0,0	21	0,0	21	2,0	21	0,1	21	46,5	21	0,0	21	0,0	21	0,0	21	0,0	21	0,1	21	0,0	21	0,0	21	0,0	21	NaN	21	3,2	
22	4,4E+2	22	7,1E+7	22	0,0	22	0,1	22	0,2	22	1,0	22	3,2	22	3,9E+2	22	5,2E+2	22	48,7	22	1,0	22	0,1	22	1,2	22	8,4	22	0,0	22	0,0	22	0,0	22	2,6	22	0,1	22	45,5	22	0,1	22	0,1	22	0,0	22	0,0	22	0,0	22	0,0	22	0,0	22	0,0	22	NaN	22	3,2	
23	4,3E+2	23	7,3E+7	23	0,0	23	0,1	23	0,2	23	0,9	23	2,7	23	3,7E+2	23	4,8E+2	23	46,7	23	0,7	23	0,2	23	1,0	23	13,2	23	0,0	23	0,0	23	0,0	23	2,2	23	0,0	23	44,0	23	0,2	23	0,0	23	0,0	23	0,0	23	0,1	23	0,0	23	0,0	23	0,0	23	NaN	23	2,2	
24	4,2E+2	24	7,5E+7	24	0,0	24	0,1	24	0,2	24	0,9	24	2,6	24	3,5E+2	24	4,7E+2	24	44,9	24	1,2	24	0,2	24	1,0	24	14,9	24	0,0	24	0,0	24	0,0	24	2,3	24	0,0	24	42,2	24	0,3	24	0,0	24	0,0	24	0,0	24	0,1	24	0,0	24	0,0	24	0,0	24	NaN	24	2,4	
25	4,3E+2	25	7,3E+7	25	0,0	25	0,1	25	0,2	25	0,9	25	2,5	25	3,6E+2	25	4,6E+2	25	45,6	25	1,1	25	0,2	25	1,2	25	16,9	25	0,0	25	0,0	25	0,0	25	2,4	25	0,2	25	40,5	25	0,2	25	0,0	25	0,1	25	0,0	25	0,1	25	0,0	25	0,0	25	0,0	25	NaN	25	2,9	
26	4,3E+2	26	7,4E+7	26	0,0	26	0,1	26	0,2	26	0,9	26	2,5	26	3,5E+2	26	4,5E+2	26	44,1	26	0,8	26	0,3	26	0,9	26	16,6	26	0,0	26	0,0	26	0,0	26	2,4	26	0,1	26	40,0	26	0,1	26	0,0	26	0,1	26	0,0	26	0,1	26	0,0	26	0,0	26	0,0	26	NaN	26	2,4	
27	4,2E+2	27	7,4E+7	27	0,0	27	0,1	27	0,2	27	0,9	27	2,6	27	3,4E+2	27	4,4E+2	27	44,2	27	0,9	27	0,3	27	1,0	27	16,4	27	0,0	27	0,0	27	0,0	27	2,1	27	0,1	27	38,2	27	0,2	27	0,0	27	0,1	27	0,0	27	0,0	27	0,0	27	0,0	27	0,0	27	NaN	27	2,5	
28	4,3E+2	28	7,3E+7	28	0,0	28	0,1	28	0,2	28	0,9	28	2,3	28	3,4E+2	28	4,4E+2	28	46,1	28	1,1	28	0,4	28	0,9	28	17,3	28	0,0	28	0,0	28	0,0	28	2,4	28	0,1	28	38,0	28	0,2	28	0,0	28	0,1	28	0,0	28	0,0	28	0,0	28	0,0	28	0,0	28	NaN	28	2,3	
29	4,3E+2	29	7,4E+7	29	0,0	29	0,1	29	0,2	29	0,9	29	2,6	29	3,3E+2	29	4,2E+2	29	44,2	29	0,9	29	0,3	29	0,8	29	16,8	29	0,0	29	0,0	29	0,0	29	2,7	29	0,1	29	36,8	29	0,1	29	0,0	29	0,1	29	0,0	29	0,0	29	0,0	29	0,0	29	0,0	29	NaN	29	2,2	
30	4,3E+2	30	7,3E+7	30	0,0	30	0,1	30	0,2	30	0,9	30	2,5	30	3,4E+2	30	4,3E+2	30	45,9	30	0,8	30	0,2	30	0,9	30	17,4	30	0,0	30	0,0	30	0,0	30	1,9	30	0,1	30	37,3	30	0,2	30	0,0	30	0,1	30	0,0	30	0,0	30	0,0	30	0,0	30	0,0	30	NaN	30	2,3	
31	4,4E+2	31	7,3E+7	31	0,0	31	0,1	31	0,2	31	0,9	31	2,1	31	3,3E+2	31	4,2E+2	31	44,7	31	0,8	31	0,3	31	0,9	31	18,9	31	0,0	31	0,0	31	0,0	31	2,1	31	0,0	31	37,8	31	0,2	31	0,0	31	0,0	31	0,0	31	0,1	31	0,0	31	0,0	31	0,0	31	NaN	31	2,4	
32	4,2E+2	32	7,4E+7	32	0,0	32	0,1	32	0,2	32	0,9	32	2,6	32	3,2E+2	32	4,1E+2	32	43,9	32	0,8	32	0,4	32	1,0	32	18,2	32	0,0	32	0,0	32	0,0	32	2,1	32	0,1	32	35,6	32	0,2	32	0,0	32	0,1	32	0,0	32	0,0	32	0,0	32	0,0	32	0,0	32	NaN	32	2,1	
33	4,3E+2	33	7,4E+7	33	0,0	33	0,1	33	0,2	33	0,9	33	2,6	33	3,2E+2	33	4,1E+2	33	44,5	33	1,0	33	0,3	33	0,9	33	19,1	33	0,0	33	0,0	33	0,0	33	2,1	33	0,1	33	35,6	33	0,1	33	0,0	33	0,1	33	0,0	33	0,1	33	0,0	33	0,0	33	0,0	33	NaN	33	2,3	
34	4,2E+2	34	7,4E+7	34	0,0	34	0,1	34	0,2	34	0,9	34	2,0	34	3,2E+2	34	4,0E+2	34	44,1	34	0,9	34	0,2	34	0,8	34	18,8	34	0,0	34	0,0	34	0,0	34	2,1	34	0,1	34	35,5	34	0,2	34	0,0	34	0,1	34	0,0	34	0,1	34	0,0	34	0,0	34	0,0	34	NaN	34	2,2	
35	4,2E+2	35	7,5E+7	35	0,0	35	0,1	35	0,2	35	0,9	35	2,4	35	3,2E+2	35	3,9E+2	35	42,3	35	0,9	35	0,4	35	0,8	35	18,6	35	0,0	35	0,0	35	0,0	35	2,0	35	0,1	35	33,3	35	0,2	35	0,0	35	0,2	35	0,0	35	0,0	35	0,0	35	0,0	35	0,0	35	NaN	35	2,6	
36	4,3E+2	36	7,7E+7	36	0,0	36	0,1	36	0,2	36	0,9	36	2,5	36	3,1E+2	36	3,8E+2	36	42,2	36	0,7	36	0,3	36	0,7	36	18,8	36	0,0	36	0,0	36	0,0	36	2,2	36	0,1	36	34,0	36	0,1	36	0,0	36	0,1	36	0,0	36	0,0	36	0,0	36	0,0	36	0,0	36	NaN	36	2,0	
37	4,3E+2	37	7,5E+7	37	0,0	37	0,1	37	0,2	37	0,9	37	2,7	37	3,1E+2	37	3,8E+2	37	43,8	37	0,5	37	0,1	37	0,7	37	18,8	37	0,0	37	0,0	37	0,0	37	2,2	37	0,1	37	33,9	37	0,2	37	0,0	37	0,1	37	0,0	37	0,0	37	0,0	37	0,0	37	0,0	37	NaN	37	2,2	
38	4,4E+2	38	7,4E+7	38	0,0	38	0,1	38	0,2	38	0,9	38	2,1	38	3,1E+2	38	3,8E+2	38	41,6	38	1,0	38	0,3	38	0,8	38	19,2	38	0,0	38	0,0	38	0,0	38	1,9	38	0,1	38	33,1	38	0,2	38	0,0	38	0,1	38	0,0	38	0,1	38	0,0	38	0,0	38	0,0	38	NaN	38	2,3	
39	4,3E+2	39	7,5E+7	39	0,0	39	0,1	39	0,2	39	0,9	39	2,3	39	3,1E+2	39	3,7E+2	39	44,7	39	0,7	39	0,3	39	0,8	39	18,6	39	0,0	39	0,0	39	0,0	39	2,0	39	0,1	39	33,6	39	0,2	39	0,0	39	0,1	39	0,0	39	0,0	39	0,0	39	0,0	39	0,0	39	NaN	39	2,4	
40	4,2E+2	40	7,4E+7	40	0,0	40	0,1	40	0,2	40	0,9	40	2,7	40	3,1E+2	40	3,8E+2	40	43,7	40	0,8	40	0,3	40	0,6	40	19,0	40	0,0	40	0,0	40	0,0	40	2,0	40	0,1	40	32,0	40	0,2	40	0,0	40	0,1	40	0,0	40	0,0	40	0,0	40	0,0	40	0,0	40	NaN	40	2,2	
41	4,4E+2	41	7,3E+7	41	0,0	41	0,1	41	0,2	41	0,9	41	2,3	41	3,1E+2	41	3,7E+2	41	43,5	41	0,7	41	0,3	41	0,7	41	19,9	41	0,0	41	0,0	41	0,0	41	2,3	41	0,1	41	34,0	41	0,2	41	0,0	41	0,1	41	0,0	41	0,0	41	0,0	41	0,0	41	0,0	41	NaN	41	2,3	
42	4,3E+2	42	7,3E+7	42	0,0	42	0,1	42	0,2	42	0,9	42	2,4	42	3,1E+2	42	3,7E+2	42	43,2	42	0,7	42	0,2	42	0,8	42	19,9	42	0,0	42	0,0	42	0,0	42	1,9	42	0,1	42	33,1	42	0,1	42	0,1	42	0,1	42	0,0	42	0,0	42	0,0	42	0,0	42	0,0	42	NaN	42	2,1	
43	4,3E+2	43	7,4E+7	43	0,0	43	0,1	43	0,2	43	0,9	43	2,5	43	3,0E+2	43	3,6E+2	43	43,1	43	0,7	43	0,2	43	0,7	43	18,9	43	0,0	43	0,0	43	0,0	43	2,0	43	0,1	43	31,9	43	0,2	43	0,1	43	0,1	43	0,0	43	0,0	43	0,0	43	0,0	43	0,0	43	NaN	43	2,3	
44	4,4E+2	44	7,3E+7	44	0,0	44	0,1	44	0,2	44	0,9	44	2,3	44	3,1E+2	44	3,6E+2	44	43,2	44	0,7	44	0,3	44	0,8	44	19,8	44	0,0	44	0,0	44	0,0	44	1,2	44	0,1	44	14,6	44	0,1	44	0,0	44	0,1	44	0,0	44	0,0	44	0,0	44	0,0	44	0,0	44	Inf	44	2,0	
45	4,4E+2	45	7,4E+7	45	0,0	45	0,1	45	0,2	45	1,6	45	6,3	45	5,6E+2	45	6,8E+2	45	73,3	45	1,2	45	0,2	45	1,4	45	18,7	45	0,0	45	0,0	45	0,0	45	3,2	45	0,1	45	53,8	45	0,2	45	0,1	45	0,2	45	0,0	45	0,0	45	0,0	45	0,0	45	0,0	45	NaN	45	3,3	
46	4,3E+2	46	7,5E+7	46	0,0	46	0,1	46	0,2	46	1,0	46	2,7	46	2,7E+2	46	3,9E+2	46	35,9	46	0,8	46	0,3	46	0,7	46	17,1	46	0,0	46	0,0	46	0,0	46	1,8	46	0,0	46	33,3	46	0,2	46	0,0	46	0,1	46	0,0	46	0,0	46	0,0	46	0,0	46	0,0	46	NaN	46	2,5	
47	4,2E+2	47	7,5E+7	47	0,0	47	0,1	47	0,2	47	0,9	47	2,6	47	2,3E+2	47	3,6E+2	47	35,2	47	0,9	47	0,1	47	0,8	47	16,4	47	0,0	47	0,0	47	0,0	47	1,7	47	0,0	47	31,3	47	0,1	47	0,0	47	0,1	47	0,0	47	0,0	47	0,0	47	0,0	47	0,0	47	NaN	47	2,4	
48	4,2E+2	48	7,6E+7	48	0,0	48	0,1	48	0,2	48	0,9	48	2,2	48	2,1E+2	48	3,4E+2	48	33,0	48	0,5	48	0,3	48	0,7	48	16,3	48	0,0	48	0,0	48	0,0	48	1,7	48	0,1	48	29,4	48	0,2	48	0,0	48	0,1	48	0,0	48	0,0	48	0,0	48	0,0	48	0,0	48	NaN	48	2,5	
49	4,2E+2	49	7,5E+7	49	0,0	49	0,1	49	0,2	49	0,9	49	2,5	49	2,1E+2	49	3,3E+2	49	35,0	49	0,6	49	0,2	49	0,7	49	17,1	49	0,0	49	0,0	49	0,0	49	1,2	49	0,1	49	29,9	49	0,2	49	0,0	49	0,1	49	0,0	49	0,0	49	0,0	49	0,0	49	0,0	49	NaN	49	2,1	
50	4,3E+2	50	7,4E+7	50	0,0	50	0,1	50	0,2	50	0,9	50	2,5	50	2,1E+2	50	3,3E+2	50	36,4	50	0,6	50	0,2	50	0,6	50	16,7	50	0,0	50	0,0	50	0,0	50	1,3	50	0,0	50	27,9	50	0,2	50	0,1	50	0,1	50	0,0	50	0,1	50	0,0	50	0,0	50	0,0	50	NaN	50	2,0	
51	4,1E+2	51	7,5E+7	51	0,0	51	0,1	51	0,2	51	0,9	51	2,2	51	1,9E+2	51	3,1E+2	51	33,8	51	0,8	51	0,3	51	0,5	51	16,1	51	0,0	51	0,0	51	0,0	51	1,3	51	0,1	51	27,5	51	0,3	51	0,0	51	0,1	51	0,0	51	0,0	51	0,0	51	0,0	51	0,0	51	NaN	51	2,7	
52	4,1E+2	52	7,7E+7	52	0,0	52	0,1	52	0,2	52	0,9	52	1,8	52	1,9E+2	52	2,9E+2	52	34,0	52	0,8	52	0,2	52	0,5	52	16,4	52	0,0	52	0,0	52	0,0	52	1,2	52	0,1	52	25,4	52	0,1	52	0,0	52	0,1	52	0,0	52	0,0	52	0,0	52	0,0	52	0,0	52	NaN	52	2,2	
53	4,2E+2	53	7,5E+7	53	0,0	53	0,1	53	0,2	53	0,9	53	2,5	53	1,8E+2	53	2,9E+2	53	32,8	53	0,8	53	0,2	53	0,6	53	17,6	53	0,0	53	0,0	53	0,0	53	1,5	53	0,1	53	26,3	53	0,2	53	0,1	53	0,1	53	0,0	53	0,0	53	0,0	53	0,0	53	0,0	53	Inf	53	2,2	
54	4,3E+2	54	7,5E+7	54	0,0	54	0,1	54	0,2	54	0,9	54	2,0	54	1,8E+2	54	2,8E+2	54	34,1	54	0,7	54	0,2	54	0,6	54	17,7	54	0,0	54	0,0	54	0,0	54	1,4	54	0,1	54	24,3	54	0,2	54	0,0	54	0,2	54	0,0	54	0,0	54	0,0	54	0,0	54	0,0	54	NaN	54	2,1	
55	4,3E+2	55	7,4E+7	55	0,0	55	0,1	55	0,2	55	0,9	55	2,1	55	1,8E+2	55	2,7E+2	55	34,1	55	0,6	55	0,3	55	0,6	55	17,7	55	0,0	55	0,0	55	0,0	55	1,5	55	0,0	55	23,8	55	0,3	55	0,0	55	0,2	55	0,0	55	0,0	55	0,0	55	0,0	55	0,0	55	NaN	55	2,0	
56	4,3E+2	56	7,4E+7	56	0,0	56	0,1	56	0,2	56	0,9	56	2,4	56	1,7E+2	56	2,6E+2	56	33,8	56	0,6	56	0,3	56	0,5	56	18,0	56	0,0	56	0,0	56	0,0	56	1,4	56	0,1	56	23,1	56	0,2	56	0,0	56	0,1	56	0,0	56	0,0	56	0,0	56	0,0	56	0,0	56	NaN	56	1,9	
57	4,3E+2	57	7,5E+7	57	0,0	57	0,1	57	0,2	57	0,9	57	2,1	57	1,6E+2	57	2,4E+2	57	32,2	57	0,4	57	0,2	57	0,7	57	16,7	57	0,0	57	0,0	57	0,0	57	1,2	57	0,1	57	21,1	57	0,2	57	0,0	57	0,1	57	0,0	57	0,0	57	0,0	57	0,0	57	0,0	57	NaN	57	2,2	
58	4,2E+2	58	7,6E+7	58	0,0	58	0,1	58	0,2	58	0,9	58	2,3	58	1,6E+2	58	2,4E+2	58	31,7	58	0,5	58	0,2	58	0,6	58	16,9	58	0,0	58	0,0	58	0,0	58	1,2	58	0,1	58	20,3	58	0,2	58	0,0	58	0,1	58	0,0	58	0,0	58	0,0	58	0,0	58	0,0	58	Inf	58	2,1	
59	4,2E+2	59	7,8E+7	59	0,0	59	0,1	59	0,2	59	0,8	59	2,0	59	1,5E+2	59	2,2E+2	59	30,8	59	0,7	59	0,2	59	0,5	59	16,2	59	0,0	59	0,0	59	0,0	59	1,2	59	0,0	59	19,5	59	0,2	59	0,0	59	0,2	59	0,0	59	0,0	59	0,0	59	0,0	59	0,0	59	NaN	59	1,9	
60	4,3E+2	60	7,3E+7	60	0,0	60	0,1	60	0,2	60	0,9	60	1,8	60	1,6E+2	60	2,3E+2	60	32,1	60	0,7	60	0,2	60	0,5	60	17,8	60	0,0	60	0,0	60	0,0	60	1,2	60	0,1	60	19,0	60	0,2	60	0,0	60	0,1	60	0,0	60	0,0	60	0,0	60	0,0	60	0,0	60	NaN	60	2,0	
61	4,2E+2	61	7,6E+7	61	0,0	61	0,1	61	0,2	61	0,9	61	2,2	61	1,5E+2	61	2,1E+2	61	30,9	61	0,6	61	0,2	61	0,5	61	17,2	61	0,0	61	0,0	61	0,0	61	1,1	61	0,1	61	18,7	61	0,2	61	0,0	61	0,2	61	0,0	61	0,0	61	0,0	61	0,0	61	0,0	61	NaN	61	2,0	
62	4,2E+2	62	7,7E+7	62	0,0	62	0,1	62	0,2	62	0,9	62	2,0	62	1,5E+2	62	2,1E+2	62	29,7	62	0,7	62	0,3	62	0,4	62	16,9	62	0,0	62	0,0	62	0,0	62	1,3	62	0,1	62	17,6	62	0,3	62	0,0	62	0,2	62	0,0	62	0,0	62	0,0	62	0,0	62	0,0	62	NaN	62	2,1	
63	4,2E+2	63	7,6E+7	63	0,0	63	0,1	63	0,2	63	0,9	63	1,9	63	1,4E+2	63	2,0E+2	63	29,9	63	0,6	63	0,3	63	0,6	63	16,7	63	0,0	63	0,0	63	0,0	63	1,2	63	0,1	63	17,7	63	0,3	63	0,0	63	0,1	63	0,0	63	0,0	63	0,0	63	0,0	63	0,0	63	NaN	63	1,9	
64	4,1E+2	64	7,7E+7	64	0,0	64	0,1	64	0,2	64	0,9	64	2,1	64	1,4E+2	64	1,9E+2	64	29,5	64	0,5	64	0,2	64	0,5	64	16,9	64	0,0	64	0,0	64	0,0	64	1,4	64	0,1	64	15,6	64	0,1	64	0,1	64	0,1	64	0,0	64	0,0	64	0,0	64	0,0	64	0,0	64	NaN	64	2,0	
65	4,2E+2	65	7,5E+7	65	0,0	65	0,1	65	0,2	65	0,9	65	1,8	65	1,4E+2	65	1,9E+2	65	30,3	65	0,5	65	0,3	65	0,5	65	17,1	65	0,0	65	0,0	65	0,0	65	1,3	65	0,1	65	16,9	65	0,2	65	0,0	65	0,1	65	0,0	65	0,0	65	0,0	65	0,0	65	0,0	65	NaN	65	2,5	
66	4,1E+2	66	7,7E+7	66	0,0	66	0,1	66	0,2	66	0,8	66	2,1	66	1,3E+2	66	1,8E+2	66	29,5	66	0,5	66	0,2	66	0,4	66	16,6	66	0,0	66	0,0	66	0,0	66	1,4	66	0,1	66	16,6	66	0,3	66	0,0	66	0,1	66	0,0	66	0,0	66	0,0	66	0,0	66	0,0	66	NaN	66	2,3	
67	4,1E+2	67	7,7E+7	67	0,0	67	0,1	67	0,2	67	0,9	67	2,0	67	2,0E+2	67	2,3E+2	67	30,5	67	0,5	67	0,2	67	0,3	67	16,2	67	0,0	67	0,0	67	0,0	67	0,6	67	0,1	67	4,4	67	0,2	67	0,0	67	0,2	67	0,0	67	0,1	67	0,0	67	0,0	67	0,0	67	NaN	67	7,2	
68	4,3E+2	68	7,6E+7	68	0,0	68	0,1	68	0,2	68	1,2	68	4,0	68	3,1E+2	68	4,2E+2	68	30,6	68	0,8	68	0,3	68	0,8	68	16,2	68	0,0	68	0,0	68	0,0	68	1,5	68	0,2	68	28,9	68	0,1	68	0,0	68	0,1	68	0,0	68	0,1	68	0,0	68	0,0	68	0,0	68	NaN	68	2,3	
69	4,2E+2	69	7,6E+7	69	0,0	69	0,1	69	0,2	69	0,9	69	2,2	69	1,2E+2	69	2,2E+2	69	16,9	69	0,5	69	0,2	69	0,9	69	14,4	69	0,0	69	0,0	69	0,0	69	1,3	69	0,0	69	18,8	69	0,1	69	0,0	69	0,1	69	0,0	69	0,1	69	0,0	69	0,0	69	0,0	69	NaN	69	1,9	
70	4,3E+2	70	7,5E+7	70	0,0	70	0,1	70	0,2	70	0,9	70	2,2	70	1,1E+2	70	2,1E+2	70	14,8	70	0,5	70	0,2	70	0,6	70	13,7	70	0,0	70	0,0	70	0,0	70	1,0	70	0,0	70	17,9	70	0,2	70	0,1	70	0,1	70	0,0	70	0,0	70	0,0	70	0,0	70	0,0	70	NaN	70	1,7	
71	4,1E+2	71	7,7E+7	71	0,0	71	0,1	71	0,2	71	0,8	71	1,9	71	99,3	71	1,9E+2	71	15,1	71	0,4	71	0,2	71	0,5	71	11,8	71	0,0	71	0,0	71	0,0	71	1,0	71	0,0	71	16,7	71	0,1	71	0,0	71	0,1	71	0,0	71	0,0	71	0,0	71	0,0	71	0,0	71	NaN	71	2,0	
72	4,2E+2	72	7,5E+7	72	0,0	72	0,1	72	0,2	72	0,9	72	2,0	72	99,0	72	1,9E+2	72	14,5	72	0,4	72	0,2	72	0,7	72	12,3	72	0,0	72	0,0	72	0,0	72	1,1	72	0,1	72	17,0	72	0,1	72	0,0	72	0,1	72	0,0	72	0,0	72	0,0	72	0,0	72	0,0	72	NaN	72	2,2	
73	4,2E+2	73	7,6E+7	73	0,0	73	0,1	73	0,2	73	0,9	73	2,1	73	96,3	73	1,8E+2	73	14,1	73	0,4	73	0,2	73	0,7	73	11,8	73	0,0	73	0,0	73	0,0	73	1,1	73	0,1	73	15,6	73	0,1	73	0,0	73	0,0	73	0,0	73	0,0	73	0,0	73	0,0	73	0,0	73	NaN	73	1,7	
74	4,2E+2	74	7,5E+7	74	0,0	74	0,1	74	0,2	74	0,9	74	1,6	74	95,7	74	1,8E+2	74	14,7	74	0,5	74	0,2	74	0,6	74	12,7	74	0,0	74	0,0	74	0,0	74	0,8	74	0,1	74	15,8	74	0,1	74	0,0	74	0,1	74	0,0	74	0,0	74	0,0	74	0,0	74	0,0	74	NaN	74	2,0	
75	4,2E+2	75	7,6E+7	75	0,0	75	0,1	75	0,2	75	0,8	75	2,2	75	93,4	75	1,7E+2	75	14,2	75	0,4	75	0,2	75	0,6	75	12,1	75	0,0	75	0,0	75	0,0	75	1,0	75	0,0	75	14,5	75	0,1	75	0,0	75	0,1	75	0,0	75	0,0	75	0,0	75	0,0	75	0,0	75	NaN	75	2,0	
76	4,3E+2	76	7,5E+7	76	0,0	76	0,1	76	0,2	76	0,9	76	2,1	76	91,9	76	1,6E+2	76	14,3	76	0,5	76	0,2	76	0,6	76	12,7	76	0,0	76	0,0	76	0,0	76	0,8	76	0,0	76	14,6	76	0,1	76	0,0	76	0,1	76	0,0	76	0,0	76	0,0	76	0,0	76	0,0	76	NaN	76	2,4	
77	4,1E+2	77	7,5E+7	77	0,0	77	0,1	77	0,2	77	0,9	77	2,2	77	92,1	77	1,6E+2	77	14,3	77	0,3	77	0,2	77	0,6	77	12,2	77	0,0	77	0,0	77	0,0	77	0,7	77	0,0	77	14,5	77	0,1	77	0,0	77	0,1	77	0,0	77	0,0	77	0,0	77	0,0	77	0,0	77	NaN	77	1,8	
78	4,2E+2	78	7,5E+7	78	0,0	78	0,1	78	0,2	78	0,8	78	1,9	78	91,0	78	1,6E+2	78	14,9	78	0,2	78	0,3	78	0,5	78	12,3	78	0,0	78	0,0	78	0,0	78	1,2	78	0,1	78	13,7	78	0,2	78	0,0	78	0,0	78	0,0	78	0,0	78	0,0	78	0,0	78	0,0	78	NaN	78	2,1	
79	4,2E+2	79	7,4E+7	79	0,0	79	0,1	79	0,2	79	0,9	79	1,8	79	87,5	79	1,5E+2	79	15,1	79	0,4	79	0,1	79	0,6	79	12,5	79	0,0	79	0,0	79	0,0	79	0,9	79	0,1	79	13,2	79	0,2	79	0,0	79	0,1	79	0,0	79	0,0	79	0,0	79	0,0	79	0,0	79	NaN	79	2,2	
80	4,2E+2	80	7,5E+7	80	0,0	80	0,1	80	0,2	80	0,9	80	2,2	80	86,4	80	1,5E+2	80	14,3	80	0,4	80	0,1	80	0,5	80	11,7	80	0,0	80	0,0	80	0,0	80	0,9	80	0,0	80	12,4	80	0,1	80	0,0	80	0,1	80	0,0	80	0,0	80	0,0	80	0,0	80	0,0	80	NaN	80	1,8	
81	4,1E+2	81	7,7E+7	81	0,0	81	0,1	81	0,2	81	0,8	81	2,0	81	82,1	81	1,4E+2	81	12,8	81	0,3	81	0,2	81	0,4	81	12,2	81	0,0	81	0,0	81	0,0	81	0,8	81	0,1	81	11,4	81	0,1	81	0,0	81	0,1	81	0,0	81	0,0	81	0,0	81	0,0	81	0,0	81	NaN	81	1,7	
82	4,1E+2	82	7,7E+7	82	0,0	82	0,1	82	0,2	82	0,8	82	2,3	82	79,3	82	1,3E+2	82	12,9	82	0,5	82	0,2	82	0,5	82	12,3	82	0,0	82	0,0	82	0,0	82	0,7	82	0,0	82	11,9	82	0,1	82	0,0	82	0,1	82	0,0	82	0,0	82	0,0	82	0,0	82	0,0	82	NaN	82	2,2	
83	4,4E+2	83	7,4E+7	83	0,0	83	0,1	83	0,2	83	0,9	83	2,2	83	81,3	83	1,3E+2	83	13,7	83	0,5	83	0,2	83	0,5	83	12,2	83	0,0	83	0,0	83	0,0	83	0,8	83	0,1	83	11,9	83	0,2	83	0,0	83	0,1	83	0,0	83	0,0	83	0,0	83	0,0	83	0,0	83	NaN	83	1,7	
84	4,2E+2	84	7,5E+7	84	0,0	84	0,1	84	0,2	84	0,9	84	2,3	84	82,2	84	1,3E+2	84	13,9	84	0,3	84	0,2	84	0,4	84	12,4	84	0,0	84	0,0	84	0,0	84	0,9	84	0,1	84	11,1	84	0,1	84	0,0	84	0,1	84	0,0	84	0,0	84	0,0	84	0,0	84	0,0	84	NaN	84	2,3	
85	4,1E+2	85	7,6E+7	85	0,0	85	0,1	85	0,2	85	0,8	85	2,3	85	77,0	85	1,3E+2	85	13,9	85	0,4	85	0,3	85	0,5	85	13,1	85	0,0	85	0,0	85	0,0	85	0,8	85	0,0	85	11,0	85	0,2	85	0,0	85	0,1	85	0,0	85	0,0	85	0,0	85	0,0	85	0,0	85	NaN	85	1,8	
86	4,3E+2	86	7,4E+7	86	0,0	86	0,1	86	0,2	86	0,9	86	2,0	86	79,2	86	1,3E+2	86	13,6	86	0,4	86	0,2	86	0,3	86	13,1	86	0,0	86	0,0	86	0,0	86	0,9	86	0,1	86	10,8	86	0,1	86	0,0	86	0,1	86	0,0	86	0,0	86	0,0	86	0,0	86	0,0	86	NaN	86	1,8	
87	4,3E+2	87	7,5E+7	87	0,0	87	0,1	87	0,2	87	0,9	87	1,9	87	78,4	87	1,2E+2	87	13,6	87	0,4	87	0,1	87	0,5	87	12,9	87	0,0	87	0,0	87	0,0	87	1,1	87	0,1	87	9,8	87	0,2	87	0,0	87	0,1	87	0,0	87	0,0	87	0,0	87	0,0	87	0,0	87	NaN	87	1,8	
88	4,2E+2	88	7,6E+7	88	0,0	88	0,1	88	0,2	88	0,8	88	1,8	88	73,0	88	1,1E+2	88	13,4	88	0,4	88	0,2	88	0,3	88	12,7	88	0,0	88	0,0	88	0,0	88	0,9	88	0,0	88	10,2	88	0,2	88	0,0	88	0,1	88	0,0	88	0,0	88	0,0	88	0,0	88	0,0	88	NaN	88	1,9	
89	4,0E+2	89	7,6E+7	89	0,0	89	0,1	89	0,2	89	0,8	89	1,7	89	74,0	89	1,1E+2	89	13,5	89	0,4	89	0,2	89	0,4	89	12,3	89	0,0	89	0,0	89	0,0	89	1,0	89	0,1	89	9,2	89	0,2	89	0,0	89	0,1	89	0,0	89	0,0	89	0,0	89	0,0	89	0,0	89	NaN	89	2,0	
90	4,1E+2	90	7,7E+7	90	0,0	90	0,1	90	0,2	90	0,8	90	2,2	90	99,3	90	1,4E+2	90	15,9	90	0,5	90	0,2	90	0,5	90	12,2	90	0,0	90	0,0	90	0,0	90	0,8	90	0,1	90	10,8	90	0,1	90	0,0	90	0,1	90	0,0	90	0,0	90	0,0	90	0,0	90	0,0	90	NaN	90	7,0	
91	4,3E+2	91	7,8E+7	91	0,0	91	0,1	91	0,2	91	1,4	91	5,1	91	4,2E+2	91	7,3E+2	91	52,0	91	1,0	91	0,1	91	1,5	91	12,3	91	0,0	91	0,0	91	0,0	91	2,4	91	0,1	91	49,4	91	0,2	91	0,0	91	0,1	91	0,0	91	0,1	91	0,0	91	0,0	91	0,0	91	NaN	91	2,4	
92	4,2E+2	92	7,6E+7	92	0,0	92	0,1	92	0,2	92	0,9	92	2,0	92	1,1E+2	92	3,2E+2	92	20,2	92	0,6	92	0,2	92	1,1	92	13,9	92	0,0	92	0,0	92	0,0	92	1,0	92	0,0	92	27,0	92	0,2	92	0,0	92	0,1	92	0,0	92	0,0	92	0,0	92	0,0	92	0,0	92	NaN	92	2,2	
93	4,1E+2	93	7,7E+7	93	0,0	93	0,1	93	0,2	93	0,9	93	2,4	93	1,0E+2	93	3,0E+2	93	19,0	93	0,5	93	0,2	93	0,9	93	15,3	93	0,0	93	0,0	93	0,0	93	1,2	93	0,2	93	26,2	93	0,1	93	0,0	93	0,1	93	0,0	93	0,0	93	0,0	93	0,0	93	0,0	93	NaN	93	2,1	
94	4,2E+2	94	7,6E+7	94	0,0	94	0,1	94	0,2	94	0,9	94	2,2	94	1,0E+2	94	2,9E+2	94	19,9	94	0,7	94	0,3	94	1,0	94	17,7	94	0,0	94	0,0	94	0,0	94	1,3	94	0,1	94	26,1	94	0,2	94	0,1	94	0,1	94	0,0	94	0,0	94	0,0	94	0,0	94	0,0	94	NaN	94	2,1	
95	4,1E+2	95	7,6E+7	95	0,0	95	0,1	95	0,2	95	0,9	95	2,0	95	96,3	95	2,8E+2	95	20,4	95	0,6	95	0,3	95	0,9	95	18,3	95	0,0	95	0,0	95	0,0	95	1,1	95	0,1	95	24,3	95	0,2	95	0,0	95	0,1	95	0,0	95	0,0	95	0,0	95	0,0	95	0,0	95	NaN	95	2,1	
96	4,2E+2	96	7,6E+7	96	0,0	96	0,1	96	0,2	96	0,8	96	2,1	96	96,4	96	2,7E+2	96	19,2	96	0,5	96	0,3	96	0,8	96	18,7	96	0,0	96	0,0	96	0,0	96	1,1	96	0,1	96	22,7	96	0,2	96	0,0	96	0,1	96	0,0	96	0,0	96	0,0	96	0,0	96	0,0	96	Inf	96	2,3	
97	4,1E+2	97	7,8E+7	97	0,0	97	0,1	97	0,2	97	0,8	97	2,0	97	90,3	97	2,5E+2	97	18,4	97	0,8	97	0,2	97	0,8	97	17,4	97	0,0	97	0,0	97	0,0	97	1,0	97	0,1	97	21,6	97	0,1	97	0,0	97	0,1	97	0,0	97	0,0	97	0,0	97	0,0	97	0,0	97	NaN	97	2,3	
98	4,2E+2	98	7,5E+7	98	0,0	98	0,1	98	0,2	98	0,8	98	2,3	98	91,5	98	2,5E+2	98	20,3	98	0,5	98	0,3	98	0,8	98	18,8	98	0,0	98	0,0	98	0,0	98	0,9	98	0,1	98	21,1	98	0,2	98	0,0	98	0,1	98	0,0	98	0,1	98	0,0	98	0,0	98	0,0	98	NaN	98	2,2	
99	4,3E+2	99	7,6E+7	99	0,0	99	0,1	99	0,2	99	0,8	99	2,6	99	90,6	99	2,4E+2	99	19,8	99	0,4	99	0,2	99	0,9	99	19,3	99	0,0	99	0,0	99	0,0	99	1,1	99	0,1	99	20,0	99	0,2	99	0,0	99	0,1	99	0,0	99	0,0	99	0,0	99	0,0	99	0,0	99	NaN	99	1,9	
100	4,1E+2	100	7,6E+7	100	0,0	100	0,1	100	0,2	100	0,8	100	2,0	100	87,3	100	2,3E+2	100	19,5	100	0,4	100	0,3	100	0,8	100	18,6	100	0,0	100	0,0	100	0,0	100	0,8	100	0,1	100	19,1	100	0,2	100	0,0	100	0,1	100	0,0	100	0,0	100	0,0	100	0,0	100	0,0	100	NaN	100	2,3	
101	4,1E+2	101	7,7E+7	101	0,0	101	0,1	101	0,2	101	0,8	101	2,7	101	85,4	101	2,2E+2	101	18,6	101	0,6	101	0,2	101	0,8	101	18,7	101	0,0	101	0,0	101	0,0	101	0,8	101	0,0	101	19,6	101	0,1	101	0,0	101	0,1	101	0,0	101	0,0	101	0,0	101	0,0	101	0,0	101	NaN	101	1,8	
102	4,2E+2	102	7,5E+7	102	0,0	102	0,1	102	0,2	102	0,8	102	2,0	102	84,5	102	2,2E+2	102	18,7	102	0,5	102	0,3	102	0,9	102	18,4	102	0,0	102	0,0	102	0,0	102	1,2	102	0,1	102	18,4	102	0,2	102	0,0	102	0,1	102	0,0	102	0,0	102	0,0	102	0,0	102	0,0	102	NaN	102	2,2	
103	4,3E+2	103	7,6E+7	103	0,0	103	0,1	103	0,2	103	0,8	103	2,2	103	81,5	103	2,0E+2	103	18,5	103	0,4	103	0,2	103	0,7	103	19,3	103	0,0	103	0,0	103	0,0	103	1,0	103	0,0	103	17,0	103	0,2	103	0,0	103	0,1	103	0,0	103	0,1	103	0,0	103	0,0	103	0,0	103	NaN	103	1,7	
104	4,2E+2	104	7,6E+7	104	0,0	104	0,1	104	0,2	104	0,8	104	1,9	104	79,1	104	2,0E+2	104	18,5	104	0,6	104	0,3	104	0,7	104	19,0	104	0,0	104	0,0	104	0,0	104	1,1	104	0,1	104	16,9	104	0,2	104	0,0	104	0,1	104	0,0	104	0,0	104	0,0	104	0,0	104	0,0	104	NaN	104	1,8	
105	4,2E+2	105	7,8E+7	105	0,0	105	0,1	105	0,2	105	0,8	105	1,9	105	78,2	105	1,9E+2	105	18,2	105	0,5	105	0,2	105	0,4	105	19,0	105	0,0	105	0,0	105	0,0	105	0,9	105	0,1	105	16,0	105	0,2	105	0,0	105	0,1	105	0,0	105	0,0	105	0,0	105	0,0	105	0,0	105	NaN	105	1,9	
106	4,1E+2	106	7,8E+7	106	0,0	106	0,1	106	0,2	106	0,8	106	2,0	106	74,9	106	1,8E+2	106	18,5	106	0,5	106	0,3	106	0,6	106	19,5	106	0,0	106	0,0	106	0,0	106	0,8	106	0,1	106	15,4	106	0,2	106	0,0	106	0,1	106	0,0	106	0,0	106	0,0	106	0,0	106	0,0	106	NaN	106	2,1	
107	4,3E+2	107	7,4E+7	107	0,0	107	0,1	107	0,2	107	0,9	107	2,4	107	76,9	107	1,8E+2	107	19,1	107	0,6	107	0,3	107	0,6	107	18,8	107	0,0	107	0,0	107	0,0	107	0,9	107	0,1	107	15,9	107	0,2	107	0,0	107	0,1	107	0,0	107	0,0	107	0,0	107	0,0	107	0,0	107	NaN	107	2,4	
108	4,2E+2	108	7,6E+7	108	0,0	108	0,1	108	0,2	108	0,8	108	2,0	108	74,9	108	1,7E+2	108	17,9	108	0,4	108	0,2	108	0,6	108	19,5	108	0,0	108	0,0	108	0,0	108	1,0	108	0,1	108	14,5	108	0,2	108	0,0	108	0,2	108	0,0	108	0,0	108	0,0	108	0,0	108	0,0	108	NaN	108	2,3	
109	4,3E+2	109	7,5E+7	109	0,0	109	0,1	109	0,2	109	0,9	109	2,3	109	75,5	109	1,7E+2	109	18,6	109	0,4	109	0,2	109	0,7	109	19,5	109	0,0	109	0,0	109	0,0	109	0,8	109	0,1	109	14,8	109	0,3	109	0,0	109	0,1	109	0,0	109	0,0	109	0,0	109	0,0	109	0,0	109	NaN	109	2,3	
110	4,1E+2	110	7,7E+7	110	0,0	110	0,1	110	0,2	110	0,8	110	2,0	110	72,4	110	1,6E+2	110	18,5	110	0,6	110	0,3	110	0,6	110	18,5	110	0,0	110	0,0	110	0,0	110	0,7	110	0,0	110	13,1	110	0,3	110	0,0	110	0,1	110	0,0	110	0,0	110	0,0	110	0,0	110	0,0	110	Inf	110	1,8	
111	4,3E+2	111	7,5E+7	111	0,0	111	0,1	111	0,2	111	0,9	111	1,8	111	73,7	111	1,6E+2	111	16,9	111	0,4	111	0,2	111	0,6	111	19,7	111	0,0	111	0,0	111	0,0	111	0,9	111	0,1	111	13,0	111	0,4	111	0,0	111	0,1	111	0,0	111	0,0	111	0,0	111	0,0	111	0,0	111	NaN	111	2,0	
112	4,2E+2	112	7,7E+7	112	0,0	112	0,1	112	0,2	112	0,8	112	1,9	112	72,4	112	1,5E+2	112	18,3	112	0,3	112	0,3	112	0,5	112	18,9	112	0,0	112	0,0	112	0,0	112	1,0	112	0,1	112	35,9	112	0,2	112	0,0	112	0,1	112	0,0	112	0,0	112	0,0	112	0,0	112	0,0	112	NaN	112	2,0	
113	4,1E+2	113	7,6E+7	113	0,0	113	0,1	113	0,2	113	1,6	113	7,3	113	4,2E+2	113	8,0E+2	113	75,9	113	1,9	113	0,4	113	1,9	113	21,7	113	0,0	113	0,0	113	0,0	113	3,3	113	0,3	113	58,9	113	0,4	113	0,0	113	0,1	113	0,0	113	0,1	113	0,0	113	0,0	113	0,0	113	NaN	113	3,7	
114	4,3E+2	114	7,6E+7	114	0,0	114	0,1	114	0,2	114	1,0	114	2,5	114	2,2E+2	114	5,8E+2	114	42,4	114	1,1	114	0,2	114	1,8	114	18,5	114	0,0	114	0,0	114	0,0	114	1,7	114	0,1	114	49,6	114	0,3	114	0,1	114	0,1	114	0,0	114	0,1	114	0,0	114	0,0	114	0,0	114	NaN	114	2,2	
115	4,2E+2	115	7,5E+7	115	0,0	115	0,1	115	0,2	115	0,9	115	2,2	115	1,7E+2	115	5,1E+2	115	38,0	115	0,7	115	0,4	115	1,6	115	21,1	115	0,0	115	0,0	115	0,0	115	1,7	115	0,1	115	45,7	115	0,3	115	0,1	115	0,1	115	0,0	115	0,1	115	0,0	115	0,0	115	0,0	115	NaN	115	2,1	
116	4,3E+2	116	7,5E+7	116	0,0	116	0,1	116	0,2	116	0,9	116	2,1	116	1,7E+2	116	4,8E+2	116	38,1	116	0,8	116	0,4	116	1,7	116	23,2	116	0,0	116	0,0	116	0,0	116	1,8	116	0,1	116	42,6	116	0,2	116	0,0	116	0,1	116	0,0	116	0,0	116	0,0	116	0,0	116	0,0	116	NaN	116	2,5	
117	4,2E+2	117	7,8E+7	117	0,0	117	0,1	117	0,2	117	0,9	117	2,4	117	1,6E+2	117	4,5E+2	117	36,5	117	0,9	117	0,2	117	1,9	117	22,6	117	0,0	117	0,0	117	0,0	117	1,6	117	0,1	117	39,9	117	0,3	117	0,0	117	0,1	117	0,0	117	0,1	117	0,0	117	0,0	117	0,0	117	NaN	117	1,8	
118	4,1E+2	118	7,7E+7	118	0,0	118	0,1	118	0,2	118	0,9	118	2,4	118	1,5E+2	118	4,4E+2	118	37,0	118	0,8	118	0,3	118	1,6	118	23,1	118	0,0	118	0,0	118	0,0	118	1,7	118	0,1	118	37,8	118	0,3	118	0,0	118	0,2	118	0,0	118	0,1	118	0,0	118	0,0	118	0,0	118	NaN	118	2,4	
119	4,2E+2	119	7,6E+7	119	0,0	119	0,1	119	0,2	119	0,9	119	2,5	119	1,5E+2	119	4,2E+2	119	37,4	119	0,9	119	0,4	119	1,6	119	23,7	119	0,0	119	0,0	119	0,0	119	1,4	119	0,1	119	38,6	119	0,2	119	0,0	119	0,1	119	0,0	119	0,1	119	0,0	119	0,0	119	0,0	119	NaN	119	2,3	
120	4,1E+2	120	7,7E+7	120	0,0	120	0,1	120	0,2	120	0,8	120	2,0	120	1,5E+2	120	4,0E+2	120	35,0	120	0,8	120	0,5	120	1,6	120	24,6	120	0,0	120	0,0	120	0,0	120	1,6	120	0,0	120	34,9	120	0,2	120	0,0	120	0,2	120	0,0	120	0,0	120	0,0	120	0,0	120	0,0	120	NaN	120	1,9	
121	4,2E+2	121	7,6E+7	121	0,0	121	0,1	121	0,2	121	0,9	121	2,2	121	1,5E+2	121	3,9E+2	121	36,0	121	0,8	121	0,3	121	1,5	121	25,0	121	0,0	121	0,0	121	0,0	121	1,3	121	0,1	121	33,8	121	0,3	121	0,1	121	0,2	121	0,0	121	0,0	121	0,0	121	0,0	121	0,0	121	NaN	121	2,1	
122	4,1E+2	122	7,8E+7	122	0,0	122	0,1	122	0,2	122	0,8	122	2,0	122	1,4E+2	122	3,8E+2	122	35,2	122	0,9	122	0,4	122	1,7	122	24,6	122	0,0	122	0,0	122	0,0	122	1,5	122	0,0	122	32,5	122	0,2	122	0,0	122	0,2	122	0,0	122	0,0	122	0,0	122	0,0	122	0,0	122	NaN	122	2,0	
123	4,1E+2	123	7,8E+7	123	0,0	123	0,1	123	0,2	123	0,8	123	2,3	123	1,4E+2	123	3,6E+2	123	34,9	123	0,7	123	0,3	123	1,2	123	23,1	123	0,0	123	0,0	123	0,0	123	1,5	123	0,1	123	32,0	123	0,3	123	0,0	123	0,1	123	0,0	123	0,0	123	0,0	123	0,0	123	0,0	123	NaN	123	1,7	
124	4,2E+2	124	7,6E+7	124	0,0	124	0,1	124	0,2	124	0,9	124	2,3	124	1,4E+2	124	3,6E+2	124	36,1	124	0,9	124	0,3	124	1,5	124	25,3	124	0,0	124	0,0	124	0,0	124	1,4	124	0,1	124	31,6	124	0,3	124	0,0	124	0,1	124	0,0	124	0,1	124	0,0	124	0,0	124	0,0	124	NaN	124	2,1	
125	4,2E+2	125	7,6E+7	125	0,0	125	0,1	125	0,2	125	0,9	125	2,2	125	1,5E+2	125	3,7E+2	125	38,1	125	0,8	125	0,4	125	1,2	125	25,8	125	0,0	125	0,0	125	0,0	125	1,6	125	0,1	125	31,9	125	0,2	125	0,0	125	0,1	125	0,0	125	0,0	125	0,0	125	0,0	125	0,0	125	NaN	125	2,0	
126	4,2E+2	126	7,6E+7	126	0,0	126	0,1	126	0,2	126	0,9	126	2,0	126	1,5E+2	126	3,5E+2	126	36,7	126	0,6	126	0,3	126	1,4	126	25,5	126	0,0	126	0,0	126	0,0	126	1,4	126	0,0	126	30,8	126	0,3	126	0,0	126	0,1	126	0,0	126	0,0	126	0,0	126	0,0	126	0,0	126	NaN	126	2,0	
127	4,1E+2	127	7,8E+7	127	0,0	127	0,1	127	0,2	127	0,9	127	2,3	127	1,5E+2	127	3,4E+2	127	35,6	127	0,9	127	0,2	127	1,0	127	23,8	127	0,0	127	0,0	127	0,0	127	1,6	127	0,1	127	29,5	127	0,3	127	0,0	127	0,2	127	0,0	127	0,0	127	0,0	127	0,0	127	0,0	127	NaN	127	2,3	
128	4,2E+2	128	7,6E+7	128	0,0	128	0,1	128	0,2	128	0,9	128	1,9	128	1,5E+2	128	3,4E+2	128	36,5	128	0,7	128	0,4	128	1,4	128	23,9	128	0,0	128	0,0	128	0,0	128	1,6	128	0,1	128	28,7	128	0,3	128	0,0	128	0,2	128	0,0	128	0,0	128	0,0	128	0,0	128	0,0	128	NaN	128	2,3	
129	4,2E+2	129	7,8E+7	129	0,0	129	0,1	129	0,2	129	0,8	129	2,2	129	1,5E+2	129	3,2E+2	129	35,0	129	0,4	129	0,4	129	1,3	129	23,2	129	0,0	129	0,0	129	0,0	129	1,6	129	0,0	129	28,4	129	0,3	129	0,0	129	0,2	129	0,0	129	0,0	129	0,0	129	0,0	129	0,0	129	NaN	129	2,0	
130	4,1E+2	130	7,6E+7	130	0,0	130	0,1	130	0,2	130	0,9	130	2,2	130	1,5E+2	130	3,2E+2	130	35,8	130	0,7	130	0,3	130	1,0	130	24,0	130	0,0	130	0,0	130	0,0	130	1,2	130	0,1	130	28,2	130	0,2	130	0,0	130	0,2	130	0,0	130	0,0	130	0,0	130	0,0	130	0,0	130	NaN	130	1,7	
131	4,3E+2	131	7,6E+7	131	0,0	131	0,1	131	0,2	131	0,9	131	2,2	131	1,5E+2	131	3,1E+2	131	36,4	131	0,6	131	0,3	131	1,2	131	24,1	131	0,0	131	0,0	131	0,0	131	1,3	131	0,1	131	26,4	131	0,3	131	0,1	131	0,1	131	0,0	131	0,0	131	0,0	131	0,0	131	0,0	131	NaN	131	2,2	
132	4,2E+2	132	7,6E+7	132	0,0	132	0,1	132	0,2	132	0,9	132	2,0	132	1,4E+2	132	3,1E+2	132	34,9	132	0,6	132	0,3	132	1,2	132	23,6	132	0,0	132	0,0	132	0,0	132	1,3	132	0,1	132	26,2	132	0,3	132	0,0	132	0,1	132	0,0	132	0,1	132	0,0	132	0,0	132	0,0	132	NaN	132	2,1	
133	4,2E+2	133	7,6E+7	133	0,0	133	0,1	133	0,2	133	0,9	133	2,3	133	1,5E+2	133	3,0E+2	133	36,2	133	0,5	133	0,2	133	1,2	133	23,2	133	0,0	133	0,0	133	0,0	133	1,3	133	0,0	133	25,8	133	0,2	133	0,0	133	0,1	133	0,0	133	0,0	133	0,0	133	0,0	133	0,0	133	NaN	133	1,9	
134	4,2E+2	134	7,6E+7	134	0,0	134	0,1	134	0,2	134	0,9	134	2,2	134	1,4E+2	134	2,9E+2	134	35,7	134	0,6	134	0,4	134	0,9	134	24,3	134	0,0	134	0,0	134	0,0	134	1,2	134	0,1	134	24,4	134	0,4	134	0,0	134	0,1	134	0,0	134	0,0	134	0,0	134	0,0	134	0,0	134	NaN	134	2,1	
135	4,2E+2	135	7,6E+7	135	0,0	135	0,1	135	0,2	135	0,9	135	2,1	135	1,7E+2	135	3,4E+2	135	45,1	135	0,6	135	0,4	135	1,0	135	23,1	135	0,0	135	0,0	135	0,0	135	1,0	135	0,2	135	19,5	135	0,2	135	0,0	135	0,1	135	0,0	135	0,0	135	0,0	135	0,0	135	0,0	135	NaN	135	6,3	
136	4,2E+2	136	8,0E+7	136	0,0	136	0,1	136	0,2	136	1,5	136	5,0	136	31,9	136	1,7E+2	136	3,6	136	0,5	136	0,2	136	0,5	136	19,3	136	0,0	136	0,0	136	0,0	136	0,7	136	0,1	136	12,7	136	0,2	136	0,0	136	0,2	136	0,0	136	0,0	136	0,0	136	0,0	136	0,0	136	NaN	136	2,7	
137	4,1E+2	137	7,9E+7	137	0,0	137	0,1	137	0,2	137	0,9	137	2,0	137	20,2	137	1,5E+2	137	3,0	137	0,4	137	0,3	137	0,4	137	14,3	137	0,0	137	0,0	137	0,0	137	0,7	137	0,1	137	11,6	137	0,2	137	0,0	137	0,2	137	0,0	137	0,0	137	0,0	137	0,0	137	0,0	137	NaN	137	1,9	
138	4,1E+2	138	7,7E+7	138	0,0	138	0,1	138	0,2	138	0,9	138	2,0	138	16,1	138	1,3E+2	138	2,5	138	0,3	138	0,2	138	0,3	138	11,8	138	0,0	138	0,0	138	0,0	138	0,8	138	0,1	138	10,1	138	0,2	138	0,0	138	0,1	138	0,0	138	0,0	138	0,0	138	0,0	138	0,0	138	NaN	138	1,9	
139	4,0E+2	139	7,8E+7	139	0,0	139	0,1	139	0,2	139	0,9	139	1,9	139	14,6	139	1,1E+2	139	2,2	139	0,5	139	0,2	139	0,6	139	10,7	139	0,0	139	0,0	139	0,0	139	0,7	139	0,1	139	9,8	139	0,1	139	0,0	139	0,1	139	0,0	139	0,0	139	0,0	139	0,0	139	0,0	139	NaN	139	2,0	
140	4,2E+2	140	7,6E+7	140	0,0	140	0,1	140	0,2	140	0,9	140	2,2	140	14,5	140	1,1E+2	140	2,0	140	0,5	140	0,1	140	0,3	140	9,9	140	0,0	140	0,0	140	0,0	140	0,6	140	0,0	140	8,9	140	0,2	140	0,0	140	0,1	140	0,0	140	0,0	140	0,0	140	0,0	140	0,0	140	NaN	140	1,9	
141	4,1E+2	141	7,7E+7	141	0,0	141	0,1	141	0,2	141	0,9	141	1,8	141	12,9	141	1,0E+2	141	1,9	141	0,2	141	0,1	141	0,3	141	9,3	141	0,0	141	0,0	141	0,0	141	0,7	141	0,1	141	8,8	141	0,1	141	0,0	141	0,1	141	0,0	141	0,0	141	0,0	141	0,0	141	0,0	141	NaN	141	1,8	
142	4,2E+2	142	7,7E+7	142	0,0	142	0,1	142	0,2	142	0,9	142	2,3	142	11,8	142	95,8	142	1,8	142	0,4	142	0,2	142	0,3	142	8,6	142	0,0	142	0,0	142	0,0	142	0,6	142	0,1	142	8,7	142	0,2	142	0,0	142	0,2	142	0,0	142	0,0	142	0,0	142	0,0	142	0,0	142	NaN	142	2,0	
143	4,1E+2	143	7,6E+7	143	0,0	143	0,1	143	0,2	143	0,9	143	2,2	143	13,1	143	93,3	143	1,7	143	0,2	143	0,1	143	0,2	143	9,0	143	0,0	143	0,0	143	0,0	143	0,6	143	0,1	143	7,8	143	0,1	143	0,0	143	0,1	143	0,0	143	0,0	143	0,0	143	0,0	143	0,0	143	NaN	143	2,0	
144	4,0E+2	144	7,7E+7	144	0,0	144	0,1	144	0,2	144	0,9	144	1,9	144	11,4	144	87,7	144	1,7	144	0,3	144	0,1	144	0,3	144	8,5	144	0,0	144	0,0	144	0,0	144	0,5	144	0,0	144	7,6	144	0,2	144	0,0	144	0,1	144	0,0	144	0,0	144	0,0	144	0,0	144	0,0	144	NaN	144	2,3	
145	3,9E+2	145	7,9E+7	145	0,0	145	0,1	145	0,2	145	0,9	145	1,7	145	11,4	145	82,3	145	1,7	145	0,3	145	0,1	145	0,3	145	8,0	145	0,0	145	0,0	145	0,0	145	0,5	145	0,1	145	7,7	145	0,1	145	0,1	145	0,1	145	0,0	145	0,0	145	0,0	145	0,0	145	0,0	145	NaN	145	2,3	
146	4,2E+2	146	7,6E+7	146	0,0	146	0,1	146	0,2	146	0,9	146	2,0	146	11,6	146	80,4	146	1,6	146	0,4	146	0,1	146	0,3	146	8,3	146	0,0	146	0,0	146	0,0	146	0,6	146	0,1	146	7,0	146	0,1	146	0,0	146	0,1	146	0,0	146	0,0	146	0,0	146	0,0	146	0,0	146	NaN	146	1,9	
147	4,1E+2	147	7,7E+7	147	0,0	147	0,1	147	0,2	147	0,9	147	2,0	147	11,9	147	79,1	147	1,4	147	0,3	147	0,2	147	0,2	147	8,9	147	0,0	147	0,0	147	0,0	147	0,4	147	0,1	147	6,4	147	0,1	147	0,0	147	0,1	147	0,0	147	0,0	147	0,0	147	0,0	147	0,0	147	NaN	147	1,7	
148	4,2E+2	148	7,5E+7	148	0,0	148	0,1	148	0,2	148	0,9	148	2,1	148	11,0	148	77,0	148	1,5	148	0,3	148	0,1	148	0,4	148	7,8	148	0,0	148	0,0	148	0,0	148	0,6	148	0,1	148	6,6	148	0,1	148	0,0	148	0,1	148	0,0	148	0,0	148	0,0	148	0,0	148	0,0	148	NaN	148	2,1	
149	4,2E+2	149	7,6E+7	149	0,0	149	0,1	149	0,2	149	0,9	149	1,9	149	11,0	149	72,8	149	1,4	149	0,2	149	0,2	149	0,3	149	8,3	149	0,0	149	0,0	149	0,0	149	0,6	149	0,1	149	6,2	149	0,1	149	0,0	149	0,1	149	0,0	149	0,0	149	0,0	149	0,0	149	0,0	149	NaN	149	2,2	
150	4,0E+2	150	7,9E+7	150	0,0	150	0,1	150	0,2	150	0,9	150	2,0	150	10,0	150	68,9	150	1,7	150	0,3	150	0,1	150	0,2	150	7,4	150	0,0	150	0,0	150	0,0	150	0,7	150	0,1	150	6,1	150	0,1	150	0,0	150	0,1	150	0,0	150	0,0	150	0,0	150	0,0	150	0,0	150	NaN	150	1,8	
151	4,1E+2	151	7,8E+7	151	0,0	151	0,1	151	0,2	151	0,8	151	2,0	151	10,3	151	66,6	151	1,4	151	0,2	151	0,1	151	0,2	151	7,5	151	0,0	151	0,0	151	0,0	151	0,6	151	0,1	151	5,5	151	0,1	151	0,0	151	0,1	151	0,0	151	0,0	151	0,0	151	0,0	151	0,0	151	NaN	151	2,1	
152	4,1E+2	152	7,7E+7	152	0,0	152	0,1	152	0,2	152	0,9	152	2,1	152	11,0	152	65,0	152	1,6	152	0,2	152	0,1	152	0,2	152	7,7	152	0,0	152	0,0	152	0,0	152	0,6	152	0,1	152	5,5	152	0,1	152	0,0	152	0,0	152	0,0	152	0,0	152	0,0	152	0,0	152	0,0	152	NaN	152	1,7	
153	4,1E+2	153	7,7E+7	153	0,0	153	0,1	153	0,2	153	0,9	153	1,8	153	10,3	153	64,1	153	1,3	153	0,4	153	0,2	153	0,3	153	7,9	153	0,0	153	0,0	153	0,0	153	0,5	153	0,1	153	5,6	153	0,1	153	0,0	153	0,1	153	0,0	153	0,0	153	0,0	153	0,0	153	0,0	153	NaN	153	1,9	
154	4,2E+2	154	7,6E+7	154	0,0	154	0,1	154	0,2	154	0,9	154	2,2	154	10,7	154	65,2	154	1,3	154	0,2	154	0,1	154	0,1	154	7,9	154	0,0	154	0,0	154	0,0	154	0,5	154	0,2	154	5,7	154	0,1	154	0,0	154	0,1	154	0,0	154	0,0	154	0,0	154	0,0	154	0,0	154	NaN	154	2,2	
155	4,2E+2	155	7,7E+7	155	0,0	155	0,1	155	0,2	155	0,9	155	2,2	155	9,9	155	60,5	155	1,4	155	0,2	155	0,1	155	0,2	155	7,5	155	0,0	155	0,0	155	0,0	155	0,5	155	0,0	155	4,9	155	0,2	155	0,0	155	0,1	155	0,0	155	0,0	155	0,0	155	0,0	155	0,0	155	Inf	155	1,7	
156	4,1E+2	156	7,6E+7	156	0,0	156	0,1	156	0,2	156	0,9	156	1,7	156	10,0	156	61,3	156	1,4	156	0,3	156	0,1	156	0,2	156	7,6	156	0,0	156	0,0	156	0,0	156	0,4	156	0,1	156	5,3	156	0,2	156	0,0	156	0,1	156	0,0	156	0,0	156	0,0	156	0,0	156	0,0	156	NaN	156	1,8	
157	4,2E+2	157	7,7E+7	157	0,0	157	0,1	157	0,2	157	0,9	157	1,7	157	10,0	157	57,9	157	1,4	157	0,3	157	0,1	157	0,2	157	7,7	157	0,0	157	0,0	157	0,0	157	0,5	157	0,1	157	5,0	157	0,1	157	0,0	157	0,1	157	0,0	157	0,0	157	0,0	157	0,0	157	0,0	157	NaN	157	2,2	
158	4,2E+2	158	7,5E+7	158	0,0	158	0,1	158	0,2	158	0,9	158	2,3	158	10,0	158	57,5	158	1,1	158	0,1	158	0,1	158	0,3	158	7,5	158	0,0	158	0,0	158	0,0	158	0,6	158	0,1	158	4,3	158	0,1	158	0,0	158	0,1	158	0,0	158	0,0	158	0,0	158	0,0	158	0,0	158	NaN	158	1,9	
159	4,0E+2	159	7,8E+7	159	0,0	159	0,1	159	0,2	159	0,8	159	1,8	159	10,4	159	56,0	159	1,1	159	0,2	159	0,1	159	0,2	159	7,3	159	0,0	159	0,0	159	0,0	159	0,6	159	0,1	159	5,1	159	0,2	159	0,0	159	0,1	159	0,0	159	0,0	159	0,0	159	0,0	159	0,0	159	NaN	159	2,2	
160	4,1E+2	160	7,6E+7	160	0,0	160	0,1	160	0,2	160	0,9	160	2,0	160	10,6	160	54,7	160	1,3	160	0,2	160	0,1	160	0,2	160	7,2	160	0,0	160	0,0	160	0,0	160	0,5	160	0,0	160	5,1	160	0,2	160	0,1	160	0,1	160	0,0	160	0,0	160	0,0	160	0,0	160	0,0	160	NaN	160	2,1	
161	4,2E+2	161	7,6E+7	161	0,0	161	0,1	161	0,2	161	0,9	161	2,0	161	9,4	161	54,1	161	1,1	161	0,2	161	0,1	161	0,1	161	7,4	161	0,0	161	0,0	161	0,0	161	0,6	161	0,1	161	5,0	161	0,2	161	0,0	161	0,1	161	0,0	161	0,0	161	0,0	161	0,0	161	0,0	161	NaN	161	2,3	
162	4,1E+2	162	7,8E+7	162	0,0	162	0,1	162	0,2	162	0,9	162	2,2	162	10,1	162	51,8	162	1,1	162	0,2	162	0,1	162	0,2	162	7,0	162	0,0	162	0,0	162	0,0	162	0,5	162	0,1	162	4,0	162	0,2	162	0,0	162	0,1	162	0,0	162	0,0	162	0,0	162	0,0	162	0,0	162	NaN	162	2,0	
163	4,2E+2	163	7,6E+7	163	0,0	163	0,1	163	0,2	163	0,9	163	1,8	163	9,9	163	51,1	163	1,3	163	0,3	163	0,1	163	0,3	163	8,0	163	0,0	163	0,0	163	0,0	163	0,4	163	0,1	163	4,1	163	0,1	163	0,0	163	0,1	163	0,0	163	0,0	163	0,0	163	0,0	163	0,0	163	NaN	163	1,8	
164	4,2E+2	164	7,5E+7	164	0,0	164	0,1	164	0,2	164	0,9	164	2,1	164	10,0	164	52,6	164	1,2	164	0,3	164	0,1	164	0,3	164	7,2	164	0,0	164	0,0	164	0,0	164	0,6	164	0,1	164	4,8	164	0,1	164	0,1	164	0,1	164	0,0	164	0,0	164	0,0	164	0,0	164	0,0	164	NaN	164	2,2	
165	4,0E+2	165	7,7E+7	165	0,0	165	0,1	165	0,2	165	0,9	165	1,9	165	7,9	165	40,4	165	1,0	165	0,2	165	0,1	165	0,2	165	6,8	165	0,0	165	0,0	165	0,0	165	0,4	165	0,1	165	2,6	165	0,1	165	0,0	165	0,1	165	0,0	165	0,0	165	0,0	165	0,0	165	0,0	165	NaN	165	7,3	
166	4,1E+2	166	8,2E+7	166	0,0	166	0,0	166	0,2	166	1,2	166	3,5	166	19,6	166	1,5E+2	166	2,5	166	0,4	166	0,1	166	0,4	166	5,7	166	0,0	166	0,0	166	0,0	166	0,6	166	0,1	166	12,6	166	0,1	166	0,0	166	0,0	166	0,0	166	0,1	166	0,0	166	0,0	166	0,0	166	NaN	166	2,3	
167	4,2E+2	167	7,7E+7	167	0,0	167	0,1	167	0,2	167	1,0	167	2,1	167	16,1	167	1,5E+2	167	2,3	167	0,3	167	0,1	167	0,3	167	7,0	167	0,0	167	0,0	167	0,0	167	0,7	167	0,1	167	13,4	167	0,1	167	0,1	167	0,1	167	0,0	167	0,0	167	0,0	167	0,0	167	0,0	167	NaN	167	2,3	
168	4,1E+2	168	8,0E+7	168	0,0	168	0,1	168	0,2	168	0,9	168	1,8	168	15,6	168	1,5E+2	168	2,3	168	0,4	168	0,1	168	0,2	168	8,0	168	0,0	168	0,0	168	0,0	168	0,7	168	0,1	168	13,3	168	0,2	168	0,0	168	0,1	168	0,0	168	0,0	168	0,0	168	0,0	168	0,0	168	NaN	168	1,9	
169	4,0E+2	169	7,9E+7	169	0,0	169	0,1	169	0,2	169	0,9	169	2,3	169	15,6	169	1,5E+2	169	2,4	169	0,3	169	0,1	169	0,3	169	8,6	169	0,0	169	0,0	169	0,0	169	0,7	169	0,1	169	12,6	169	0,1	169	0,0	169	0,0	169	0,0	169	0,0	169	0,0	169	0,0	169	0,0	169	NaN	169	2,1	
170	4,1E+2	170	7,8E+7	170	0,0	170	0,1	170	0,2	170	0,9	170	2,4	170	17,4	170	1,5E+2	170	2,2	170	0,3	170	0,2	170	0,3	170	9,4	170	0,0	170	0,0	170	0,0	170	0,6	170	0,0	170	12,7	170	0,1	170	0,0	170	0,1	170	0,0	170	0,0	170	0,0	170	0,0	170	0,0	170	NaN	170	2,2	
171	4,1E+2	171	7,7E+7	171	0,0	171	0,1	171	0,2	171	0,9	171	2,1	171	16,8	171	1,4E+2	171	2,5	171	0,3	171	0,1	171	0,3	171	9,2	171	0,0	171	0,0	171	0,0	171	0,7	171	0,1	171	11,9	171	0,1	171	0,1	171	0,1	171	0,0	171	0,1	171	0,0	171	0,0	171	0,0	171	NaN	171	2,2	
172	4,1E+2	172	7,6E+7	172	0,0	172	0,1	172	0,2	172	0,9	172	2,5	172	16,8	172	1,4E+2	172	2,8	172	0,4	172	0,1	172	0,3	172	10,7	172	0,0	172	0,0	172	0,0	172	0,6	172	0,1	172	11,8	172	0,2	172	0,0	172	0,1	172	0,0	172	0,0	172	0,0	172	0,0	172	0,0	172	NaN	172	2,1	
173	4,1E+2	173	7,7E+7	173	0,0	173	0,1	173	0,2	173	0,9	173	1,9	173	15,7	173	1,3E+2	173	2,4	173	0,3	173	0,2	173	0,3	173	10,8	173	0,0	173	0,0	173	0,0	173	0,7	173	0,1	173	10,7	173	0,2	173	0,0	173	0,1	173	0,0	173	0,0	173	0,0	173	0,0	173	0,0	173	Inf	173	2,1	
174	4,1E+2	174	7,8E+7	174	0,0	174	0,1	174	0,2	174	0,9	174	2,1	174	16,4	174	1,2E+2	174	2,1	174	0,3	174	0,1	174	0,4	174	10,2	174	0,0	174	0,0	174	0,0	174	0,7	174	0,1	174	10,8	174	0,3	174	0,0	174	0,1	174	0,0	174	0,0	174	0,0	174	0,0	174	0,0	174	NaN	174	1,8	
175	4,0E+2	175	7,8E+7	175	0,0	175	0,1	175	0,2	175	0,9	175	2,0	175	15,7	175	1,2E+2	175	2,3	175	0,3	175	0,2	175	0,2	175	10,2	175	0,0	175	0,0	175	0,0	175	0,8	175	0,0	175	10,1	175	0,2	175	0,0	175	0,1	175	0,0	175	0,0	175	0,0	175	0,0	175	0,0	175	NaN	175	1,9	
176	4,1E+2	176	7,5E+7	176	0,0	176	0,1	176	0,2	176	0,9	176	2,1	176	15,8	176	1,2E+2	176	2,3	176	0,3	176	0,2	176	0,3	176	10,2	176	0,0	176	0,0	176	0,0	176	0,6	176	0,1	176	10,1	176	0,1	176	0,0	176	0,1	176	0,0	176	0,0	176	0,0	176	0,0	176	0,0	176	NaN	176	2,3	
177	4,1E+2	177	7,6E+7	177	0,0	177	0,1	177	0,2	177	0,9	177	2,0	177	15,3	177	1,1E+2	177	2,8	177	0,4	177	0,2	177	0,3	177	9,7	177	0,0	177	0,0	177	0,0	177	0,9	177	0,1	177	10,1	177	0,2	177	0,1	177	0,1	177	0,0	177	0,0	177	0,0	177	0,0	177	0,0	177	NaN	177	2,1	
178	4,1E+2	178	7,7E+7	178	0,0	178	0,1	178	0,2	178	0,9	178	2,1	178	15,1	178	1,1E+2	178	2,1	178	0,3	178	0,2	178	0,3	178	10,8	178	0,0	178	0,0	178	0,0	178	0,7	178	0,0	178	9,5	178	0,1	178	0,1	178	0,1	178	0,0	178	0,0	178	0,0	178	0,0	178	0,0	178	NaN	178	1,9	
179	4,1E+2	179	7,6E+7	179	0,0	179	0,1	179	0,2	179	0,9	179	2,2	179	15,2	179	1,0E+2	179	2,1	179	0,3	179	0,1	179	0,2	179	10,6	179	0,0	179	0,0	179	0,0	179	0,5	179	0,1	179	9,1	179	0,2	179	0,1	179	0,1	179	0,0	179	0,0	179	0,0	179	0,0	179	0,0	179	NaN	179	2,1	
180	4,1E+2	180	7,8E+7	180	0,0	180	0,1	180	0,2	180	0,9	180	2,2	180	13,8	180	96,5	180	2,0	180	0,3	180	0,2	180	0,3	180	9,5	180	0,0	180	0,0	180	0,0	180	0,7	180	0,1	180	8,6	180	0,2	180	0,0	180	0,1	180	0,0	180	0,0	180	0,0	180	0,0	180	0,0	180	NaN	180	2,3	
181	4,1E+2	181	7,9E+7	181	0,0	181	0,1	181	0,2	181	0,9	181	1,8	181	13,4	181	94,9	181	2,3	181	0,2	181	0,2	181	0,2	181	9,9	181	0,0	181	0,0	181	0,0	181	0,5	181	0,1	181	8,5	181	0,2	181	0,1	181	0,0	181	0,0	181	0,0	181	0,0	181	0,0	181	0,0	181	NaN	181	1,7	
182	4,3E+2	182	7,4E+7	182	0,0	182	0,1	182	0,2	182	0,9	182	2,3	182	15,2	182	95,8	182	2,3	182	0,3	182	0,1	182	0,2	182	10,3	182	0,0	182	0,0	182	0,0	182	0,7	182	0,1	182	7,9	182	0,2	182	0,0	182	0,1	182	0,0	182	0,0	182	0,0	182	0,0	182	0,0	182	NaN	182	1,8	
183	4,2E+2	183	7,7E+7	183	0,0	183	0,1	183	0,2	183	0,9	183	2,1	183	14,1	183	90,3	183	2,2	183	0,3	183	0,1	183	0,3	183	10,2	183	0,0	183	0,0	183	0,0	183	0,6	183	0,1	183	7,8	183	0,2	183	0,0	183	0,1	183	0,0	183	0,0	183	0,0	183	0,0	183	0,0	183	NaN	183	2,0	
184	4,0E+2	184	7,9E+7	184	0,0	184	0,1	184	0,2	184	0,9	184	2,0	184	14,3	184	86,4	184	2,1	184	0,3	184	0,2	184	0,2	184	10,0	184	0,0	184	0,0	184	0,0	184	0,8	184	0,1	184	8,0	184	0,1	184	0,1	184	0,1	184	0,0	184	0,0	184	0,0	184	0,0	184	0,0	184	NaN	184	2,2	
185	4,0E+2	185	7,7E+7	185	0,0	185	0,1	185	0,2	185	0,9	185	2,0	185	14,7	185	85,6	185	2,3	185	0,3	185	0,1	185	0,3	185	10,2	185	0,0	185	0,0	185	0,0	185	0,4	185	0,1	185	7,1	185	0,1	185	0,0	185	0,1	185	0,0	185	0,0	185	0,0	185	0,0	185	0,0	185	Inf	185	2,1	
186	4,1E+2	186	7,6E+7	186	0,0	186	0,1	186	0,2	186	0,9	186	2,2	186	14,5	186	83,0	186	2,1	186	0,1	186	0,1	186	0,4	186	10,3	186	0,0	186	0,0	186	0,0	186	0,6	186	0,0	186	7,8	186	0,1	186	0,0	186	0,1	186	0,0	186	0,0	186	0,0	186	0,0	186	0,0	186	NaN	186	2,0	
187	4,2E+2	187	7,5E+7	187	0,0	187	0,1	187	0,2	187	0,9	187	2,0	187	14,5	187	80,1	187	2,3	187	0,3	187	0,2	187	0,4	187	10,9	187	0,0	187	0,0	187	0,0	187	0,7	187	0,1	187	8,0	187	0,2	187	0,0	187	0,1	187	0,0	187	0,0	187	0,0	187	0,0	187	0,0	187	NaN	187	2,1	
188	4,1E+2	188	7,7E+7	188	0,0	188	0,1	188	0,2	188	1,4	188	5,6	188	4,3	188	34,8	188	1,3	188	0,4	188	0,2	188	0,3	188	10,7	188	0,0	188	0,0	188	0,0	188	0,7	188	0,1	188	10,3	188	0,1	188	0,1	188	0,1	188	0,0	188	0,0	188	0,0	188	0,0	188	0,0	188	NaN	188	4,6	
189	4,0E+2	189	8,1E+7	189	0,0	189	0,1	189	0,2	189	1,1	189	3,2	189	21,2	189	1,9E+2	189	1,6	189	0,5	189	0,2	189	0,2	189	8,4	189	0,0	189	0,0	189	0,0	189	0,7	189	0,0	189	15,6	189	0,1	189	0,0	189	0,1	189	0,0	189	0,0	189	0,0	189	0,0	189	0,0	189	NaN	189	2,0	
190	4,1E+2	190	7,8E+7	190	0,0	190	0,1	190	0,2	190	0,9	190	1,9	190	14,7	190	1,7E+2	190	1,1	190	0,4	190	0,1	190	0,5	190	9,1	190	0,0	190	0,0	190	0,0	190	0,6	190	0,0	190	15,6	190	0,1	190	0,0	190	0,1	190	0,0	190	0,0	190	0,0	190	0,0	190	0,0	190	NaN	190	2,0	
191	4,2E+2	191	7,7E+7	191	0,0	191	0,1	191	0,2	191	0,9	191	1,8	191	14,9	191	1,6E+2	191	1,0	191	0,4	191	0,0	191	0,4	191	9,2	191	0,0	191	0,0	191	0,0	191	0,7	191	0,0	191	13,8	191	0,1	191	0,0	191	0,1	191	0,0	191	0,0	191	0,0	191	0,0	191	0,0	191	NaN	191	1,9	
192	4,0E+2	192	7,9E+7	192	0,0	192	0,1	192	0,2	192	0,9	192	1,9	192	13,0	192	1,5E+2	192	1,0	192	0,3	192	0,1	192	0,3	192	9,6	192	0,0	192	0,0	192	0,0	192	0,5	192	0,0	192	12,6	192	0,1	192	0,1	192	0,1	192	0,0	192	0,0	192	0,0	192	0,0	192	0,0	192	NaN	192	2,2	
193	4,0E+2	193	7,8E+7	193	0,0	193	0,1	193	0,2	193	0,9	193	1,9	193	14,4	193	1,4E+2	193	1,0	193	0,4	193	0,1	193	0,3	193	10,6	193	0,0	193	0,0	193	0,0	193	0,6	193	0,1	193	11,7	193	0,2	193	0,0	193	0,0	193	0,0	193	0,0	193	0,0	193	0,0	193	0,0	193	NaN	193	1,9	
194	4,1E+2	194	7,6E+7	194	0,0	194	0,1	194	0,2	194	0,9	194	2,1	194	13,4	194	1,4E+2	194	1,3	194	0,4	194	0,1	194	0,3	194	9,6	194	0,0	194	0,0	194	0,0	194	0,7	194	0,1	194	12,2	194	0,2	194	0,0	194	0,1	194	0,0	194	0,0	194	0,0	194	0,0	194	0,0	194	NaN	194	2,1	
195	4,0E+2	195	7,7E+7	195	0,0	195	0,1	195	0,2	195	0,9	195	2,1	195	13,6	195	1,3E+2	195	1,1	195	0,3	195	0,2	195	0,2	195	10,5	195	0,0	195	0,0	195	0,0	195	0,8	195	0,0	195	10,6	195	0,2	195	0,0	195	0,1	195	0,0	195	0,0	195	0,0	195	0,0	195	0,0	195	NaN	195	2,0	
196	4,0E+2	196	7,6E+7	196	0,0	196	0,1	196	0,2	196	0,9	196	1,8	196	13,7	196	1,2E+2	196	1,3	196	0,3	196	0,2	196	0,3	196	10,0	196	0,0	196	0,0	196	0,0	196	0,8	196	0,0	196	10,5	196	0,1	196	0,0	196	0,1	196	0,0	196	0,0	196	0,0	196	0,0	196	0,0	196	NaN	196	2,2	
197	4,1E+2	197	7,8E+7	197	0,0	197	0,1	197	0,2	197	0,9	197	1,9	197	13,3	197	1,1E+2	197	1,2	197	0,3	197	0,2	197	0,2	197	10,4	197	0,0	197	0,0	197	0,0	197	0,6	197	0,0	197	9,6	197	0,2	197	0,1	197	0,1	197	0,0	197	0,0	197	0,0	197	0,0	197	0,0	197	NaN	197	1,7	
198	4,1E+2	198	7,7E+7	198	0,0	198	0,1	198	0,2	198	0,9	198	2,0	198	13,9	198	1,1E+2	198	1,0	198	0,4	198	0,2	198	0,3	198	10,4	198	0,0	198	0,0	198	0,0	198	0,7	198	0,0	198	9,1	198	0,1	198	0,0	198	0,1	198	0,0	198	0,0	198	0,0	198	0,0	198	0,0	198	NaN	198	1,8	
199	4,1E+2	199	7,7E+7	199	0,0	199	0,1	199	0,2	199	0,9	199	2,0	199	13,8	199	1,0E+2	199	1,2	199	0,4	199	0,1	199	0,3	199	10,1	199	0,0	199	0,0	199	0,0	199	0,8	199	0,0	199	9,3	199	0,1	199	0,1	199	0,1	199	0,0	199	0,0	199	0,0	199	0,0	199	0,0	199	NaN	199	2,2	
200	4,1E+2	200	7,6E+7	200	0,0	200	0,1	200	0,2	200	0,9	200	1,8	200	13,8	200	1,0E+2	200	0,9	200	0,3	200	0,2	200	0,2	200	10,5	200	0,0	200	0,0	200	0,0	200	0,9	200	0,0	200	8,1	200	0,1	200	0,0	200	0,1	200	0,0	200	0,0	200	0,0	200	0,0	200	0,0	200	NaN	200	1,9	
201	3,9E+2	201	8,0E+7	201	0,0	201	0,1	201	0,2	201	0,9	201	2,0	201	13,4	201	89,7	201	1,2	201	0,4	201	0,2	201	0,3	201	9,6	201	0,0	201	0,0	201	0,0	201	0,7	201	0,1	201	8,3	201	0,2	201	0,0	201	0,1	201	0,0	201	0,0	201	0,0	201	0,0	201	0,0	201	NaN	201	1,8	
202	4,2E+2	202	7,7E+7	202	0,0	202	0,1	202	0,2	202	0,9	202	2,2	202	13,3	202	89,2	202	1,0	202	0,4	202	0,1	202	0,3	202	10,7	202	0,0	202	0,0	202	0,0	202	0,6	202	0,0	202	7,6	202	0,1	202	0,0	202	0,2	202	0,0	202	0,0	202	0,0	202	0,0	202	0,0	202	NaN	202	2,1	
203	4,0E+2	203	7,7E+7	203	0,0	203	0,1	203	0,2	203	0,9	203	2,4	203	13,0	203	83,5	203	1,0	203	0,3	203	0,2	203	0,2	203	10,2	203	0,0	203	0,0	203	0,0	203	0,7	203	0,1	203	7,6	203	0,1	203	0,0	203	0,1	203	0,0	203	0,0	203	0,0	203	0,0	203	0,0	203	NaN	203	2,3	
204	4,1E+2	204	7,6E+7	204	0,0	204	0,1	204	0,2	204	0,9	204	1,9	204	13,1	204	81,2	204	1,3	204	0,3	204	0,2	204	0,4	204	10,6	204	0,0	204	0,0	204	0,0	204	0,8	204	0,0	204	7,6	204	0,1	204	0,0	204	0,1	204	0,0	204	0,0	204	0,0	204	0,0	204	0,0	204	NaN	204	2,0	
205	4,1E+2	205	7,8E+7	205	0,0	205	0,1	205	0,2	205	0,9	205	1,9	205	12,1	205	75,8	205	1,1	205	0,3	205	0,2	205	0,2	205	10,5	205	0,0	205	0,0	205	0,0	205	0,7	205	0,1	205	6,5	205	0,2	205	0,1	205	0,1	205	0,0	205	0,0	205	0,0	205	0,0	205	0,0	205	NaN	205	1,4	
206	4,2E+2	206	7,7E+7	206	0,0	206	0,1	206	0,2	206	0,9	206	1,9	206	12,7	206	73,5	206	1,2	206	0,2	206	0,2	206	0,2	206	10,8	206	0,0	206	0,0	206	0,0	206	0,9	206	0,1	206	6,6	206	0,1	206	0,1	206	0,0	206	0,0	206	0,0	206	0,0	206	0,0	206	0,0	206	NaN	206	2,0	
207	4,2E+2	207	7,5E+7	207	0,0	207	0,1	207	0,2	207	0,9	207	2,1	207	12,7	207	72,9	207	1,2	207	0,3	207	0,1	207	0,3	207	10,3	207	0,0	207	0,0	207	0,0	207	0,7	207	0,0	207	6,3	207	0,2	207	0,0	207	0,1	207	0,0	207	0,0	207	0,0	207	0,0	207	0,0	207	NaN	207	2,0	
208	4,1E+2	208	7,6E+7	208	0,0	208	0,1	208	0,2	208	0,9	208	2,3	208	13,0	208	68,7	208	0,8	208	0,2	208	0,2	208	0,3	208	10,7	208	0,0	208	0,0	208	0,0	208	0,5	208	0,0	208	6,2	208	0,2	208	0,0	208	0,1	208	0,0	208	0,0	208	0,0	208	0,0	208	0,0	208	NaN	208	2,1	
209	4,2E+2	209	7,8E+7	209	0,0	209	0,1	209	0,2	209	0,9	209	2,0	209	11,9	209	65,6	209	0,9	209	0,3	209	0,2	209	0,1	209	10,0	209	0,0	209	0,0	209	0,0	209	0,6	209	0,1	209	5,7	209	0,1	209	0,1	209	0,1	209	0,0	209	0,0	209	0,0	209	0,0	209	0,0	209	NaN	209	1,9	
210	4,1E+2	210	7,7E+7	210	0,0	210	0,1	210	0,2	210	0,9	210	1,9	210	12,1	210	62,5	210	1,1	210	0,3	210	0,1	210	0,2	210	9,4	210	0,0	210	0,0	210	0,0	210	0,7	210	0,1	210	5,7	210	0,1	210	0,0	210	0,1	210	0,0	210	0,0	210	0,0	210	0,0	210	0,0	210	NaN	210	1,9	
211	4,1E+2	211	7,5E+7	211	0,0	211	0,1	211	0,2	211	0,9	211	2,1	211	8,6	211	32,9	211	0,8	211	0,2	211	0,2	211	0,2	211	9,6	211	0,0	211	0,0	211	0,0	211	0,9	211	0,0	211	6,3	211	0,1	211	0,0	211	0,1	211	0,0	211	0,0	211	0,0	211	0,0	211	0,0	211	NaN	211	2,0	
212	4,1E+2	212	7,6E+7	212	0,0	212	0,1	212	0,2	212	1,1	212	3,3	212	1,7	212	5,9	212	0,4	212	0,1	212	0,1	212	0,1	212	10,0	212	0,0	212	0,0	212	0,0	212	0,2	212	0,1	212	0,4	212	0,2	212	0,0	212	0,1	212	0,0	212	0,0	212	0,0	212	0,0	212	0,0	212	NaN	212	2,1	
213	4,0E+2	213	7,8E+7	213	0,0	213	0,1	213	0,2	213	0,8	213	2,1	213	1,0	213	3,4	213	0,3	213	0,1	213	0,1	213	0,1	213	6,4	213	0,0	213	0,0	213	0,0	213	0,4	213	0,0	213	0,4	213	0,0	213	0,1	213	0,1	213	0,0	213	0,0	213	0,0	213	0,0	213	0,0	213	Inf	213	1,6	
214	4,1E+2	214	7,6E+7	214	0,0	214	0,1	214	0,2	214	0,8	214	1,6	214	0,8	214	3,4	214	0,2	214	0,2	214	0,1	214	0,1	214	3,9	214	0,0	214	0,0	214	0,0	214	0,2	214	0,0	214	0,3	214	0,1	214	0,1	214	0,1	214	0,0	214	0,0	214	0,0	214	0,0	214	0,0	214	NaN	214	1,9	
215	4,3E+2	215	7,5E+7	215	0,0	215	0,1	215	0,2	215	0,8	215	1,8	215	0,8	215	2,4	215	0,2	215	0,2	215	0,1	215	0,1	215	2,7	215	0,0	215	0,0	215	0,0	215	0,3	215	0,0	215	0,3	215	0,0	215	0,0	215	0,1	215	0,0	215	0,0	215	0,0	215	0,0	215	0,0	215	NaN	215	1,6	
216	4,0E+2	216	7,7E+7	216	0,0	216	0,1	216	0,2	216	0,8	216	1,7	216	0,7	216	1,9	216	0,2	216	0,1	216	0,0	216	0,1	216	2,2	216	0,0	216	0,0	216	0,0	216	0,4	216	0,0	216	0,2	216	0,1	216	0,0	216	0,0	216	0,0	216	0,0	216	0,0	216	0,0	216	0,0	216	NaN	216	1,3	
217	4,2E+2	217	7,5E+7	217	0,0	217	0,1	217	0,2	217	0,8	217	1,8	217	0,7	217	2,2	217	0,2	217	0,1	217	0,1	217	0,1	217	2,2	217	0,0	217	0,0	217	0,0	217	0,4	217	0,1	217	0,3	217	0,1	217	0,0	217	0,0	217	0,0	217	0,0	217	0,0	217	0,0	217	0,0	217	NaN	217	1,6	
218	4,0E+2	218	7,6E+7	218	0,0	218	0,1	218	0,2	218	0,8	218	1,6	218	0,7	218	2,2	218	0,2	218	0,1	218	0,0	218	0,1	218	1,8	218	0,0	218	0,0	218	0,0	218	0,2	218	0,1	218	0,3	218	0,1	218	0,1	218	0,0	218	0,0	218	0,0	218	0,0	218	0,0	218	0,0	218	NaN	218	1,7	
219	4,2E+2	219	7,4E+7	219	0,0	219	0,1	219	0,2	219	0,8	219	1,8	219	0,7	219	2,0	219	0,3	219	0,0	219	0,1	219	0,1	219	2,0	219	0,0	219	0,0	219	0,0	219	0,4	219	0,1	219	0,1	219	0,0	219	0,1	219	0,1	219	0,0	219	0,0	219	0,0	219	0,0	219	0,0	219	NaN	219	1,8	
220	4,1E+2	220	7,6E+7	220	0,0	220	0,1	220	0,2	220	0,8	220	1,8	220	0,7	220	1,9	220	0,2	220	0,2	220	0,1	220	0,1	220	1,3	220	0,0	220	0,0	220	0,0	220	0,3	220	0,1	220	0,2	220	0,1	220	0,0	220	0,0	220	0,0	220	0,0	220	0,0	220	0,0	220	0,0	220	NaN	220	1,9	
221	4,1E+2	221	7,8E+7	221	0,0	221	0,1	221	0,2	221	0,8	221	1,8	221	0,5	221	2,0	221	0,2	221	0,1	221	0,0	221	0,1	221	1,3	221	0,0	221	0,0	221	0,0	221	0,3	221	0,1	221	0,2	221	0,0	221	0,0	221	0,0	221	0,0	221	0,0	221	0,0	221	0,0	221	0,0	221	NaN	221	2,0	
222	4,2E+2	222	7,6E+7	222	0,0	222	0,1	222	0,2	222	0,8	222	1,8	222	0,6	222	1,6	222	0,4	222	0,1	222	0,0	222	0,1	222	1,3	222	0,0	222	0,0	222	0,0	222	0,3	222	0,1	222	0,2	222	0,0	222	0,0	222	0,0	222	0,0	222	0,0	222	0,0	222	0,0	222	0,0	222	NaN	222	1,9	
223	4,1E+2	223	7,6E+7	223	0,0	223	0,1	223	0,2	223	0,8	223	1,7	223	0,5	223	1,9	223	0,2	223	0,1	223	0,0	223	0,1	223	1,1	223	0,0	223	0,0	223	0,0	223	0,3	223	0,0	223	0,1	223	0,0	223	0,0	223	0,0	223	0,0	223	0,0	223	0,0	223	0,0	223	0,0	223	NaN	223	1,7	
224	4,0E+2	224	7,6E+7	224	0,0	224	0,1	224	0,2	224	0,8	224	2,1	224	0,6	224	1,4	224	0,2	224	0,1	224	0,0	224	0,1	224	1,3	224	0,0	224	0,0	224	0,0	224	0,4	224	0,0	224	0,2	224	0,0	224	0,0	224	0,0	224	0,0	224	0,0	224	0,0	224	0,0	224	0,0	224	NaN	224	1,9	
225	4,0E+2	225	7,6E+7	225	0,0	225	0,1	225	0,2	225	0,8	225	1,7	225	0,6	225	1,1	225	0,3	225	0,1	225	0,0	225	0,1	225	1,1	225	0,0	225	0,0	225	0,0	225	0,3	225	0,0	225	0,2	225	0,0	225	0,0	225	0,1	225	0,0	225	0,0	225	0,0	225	0,0	225	0,0	225	Inf	225	1,8	
226	4,1E+2	226	7,6E+7	226	0,0	226	0,1	226	0,2	226	0,8	226	1,8	226	0,5	226	1,5	226	0,2	226	0,1	226	0,0	226	0,1	226	1,2	226	0,0	226	0,0	226	0,0	226	0,4	226	0,1	226	0,1	226	0,0	226	0,0	226	0,0	226	0,0	226	0,0	226	0,0	226	0,0	226	0,0	226	NaN	226	1,7	
227	3,9E+2	227	7,8E+7	227	0,0	227	0,1	227	0,2	227	0,8	227	1,6	227	0,7	227	1,4	227	0,3	227	0,1	227	0,1	227	0,0	227	1,1	227	0,0	227	0,0	227	0,0	227	0,3	227	0,0	227	0,1	227	0,0	227	0,0	227	0,1	227	0,0	227	0,0	227	0,0	227	0,0	227	0,0	227	NaN	227	1,6	
228	4,0E+2	228	7,7E+7	228	0,0	228	0,1	228	0,2	228	0,8	228	1,8	228	0,6	228	1,2	228	0,3	228	0,2	228	0,1	228	0,0	228	1,0	228	0,0	228	0,0	228	0,0	228	0,4	228	0,1	228	0,1	228	0,0	228	0,0	228	0,0	228	0,0	228	0,0	228	0,0	228	0,0	228	0,0	228	NaN	228	1,6	
229	4,0E+2	229	7,7E+7	229	0,0	229	0,1	229	0,2	229	0,8	229	1,5	229	0,6	229	1,1	229	0,2	229	0,1	229	0,0	229	0,1	229	0,9	229	0,0	229	0,0	229	0,0	229	0,3	229	0,1	229	0,1	229	0,0	229	0,0	229	0,0	229	0,0	229	0,0	229	0,0	229	0,0	229	0,0	229	NaN	229	1,5	
230	4,2E+2	230	7,5E+7	230	0,0	230	0,1	230	0,2	230	0,8	230	1,8	230	0,4	230	1,1	230	0,4	230	0,1	230	0,1	230	0,1	230	1,0	230	0,0	230	0,0	230	0,0	230	0,3	230	0,1	230	0,2	230	0,0	230	0,0	230	0,0	230	0,0	230	0,0	230	0,0	230	0,0	230	0,0	230	NaN	230	1,6	
231	4,1E+2	231	7,6E+7	231	0,0	231	0,1	231	0,2	231	0,8	231	2,1	231	0,5	231	1,3	231	0,2	231	0,1	231	0,0	231	0,1	231	0,9	231	0,0	231	0,0	231	0,0	231	0,4	231	0,1	231	0,1	231	0,1	231	0,0	231	0,1	231	0,0	231	0,0	231	0,0	231	0,0	231	0,0	231	NaN	231	1,6	
232	4,1E+2	232	7,6E+7	232	0,0	232	0,1	232	0,2	232	0,8	232	1,9	232	0,6	232	0,9	232	0,2	232	0,1	232	0,0	232	0,0	232	0,8	232	0,0	232	0,0	232	0,0	232	0,3	232	0,0	232	0,1	232	0,0	232	0,0	232	0,0	232	0,0	232	0,0	232	0,0	232	0,0	232	0,0	232	NaN	232	1,7	
