Cycle - m/z 18.00 ch0	Amplitude - m/z 18.00 ch0	Cycle - m/z 21.00 ch1	Amplitude - m/z 21.00 ch1	Cycle - m/z 25.00 ch2	Amplitude - m/z 25.00 ch2	Cycle - m/z 30.00 ch3	Amplitude - m/z 30.00 ch3	Cycle - m/z 32.00 ch4	Amplitude - m/z 32.00 ch4	Cycle - m/z 37.00 ch5	Amplitude - m/z 37.00 ch5	Cycle - m/z 59.00 ch6	Amplitude - m/z 59.00 ch6	Cycle - m/z 107.00 ch7	Amplitude - m/z 107.00 ch7	Cycle - m/z 137.00 ch8	Amplitude - m/z 137.00 ch8	Cycle - m/z 121.00 ch9	Amplitude - m/z 121.00 ch9	Cycle - m/z 123.00 ch10	Amplitude - m/z 123.00 ch10	Cycle - m/z 151.00 ch11	Amplitude - m/z 151.00 ch11	Cycle - m/z 153.00 ch12	Amplitude - m/z 153.00 ch12	Cycle - m/z 165.00 ch13	Amplitude - m/z 165.00 ch13	Cycle - m/z 213.00 ch14	Amplitude - m/z 213.00 ch14	Cycle - m/z 229.00 ch15	Amplitude - m/z 229.00 ch15	Cycle - m/z 271.00 ch16	Amplitude - m/z 271.00 ch16	Cycle - m/z 109.00 ch17	Amplitude - m/z 109.00 ch17	Cycle - m/z 131.00 ch18	Amplitude - m/z 131.00 ch18	Cycle - m/z 138.00 ch19	Amplitude - m/z 138.00 ch19	Cycle - m/z 167.00 ch20	Amplitude - m/z 167.00 ch20	Cycle - m/z 179.00 ch21	Amplitude - m/z 179.00 ch21	Cycle - m/z 181.00 ch22	Amplitude - m/z 181.00 ch22	Cycle - m/z 193.00 ch23	Amplitude - m/z 193.00 ch23	Cycle - m/z 205.00 ch24	Amplitude - m/z 205.00 ch24	Cycle - m/z 285.00 ch25	Amplitude - m/z 285.00 ch25	Cycle - m/z 295.00 ch26	Amplitude - m/z 295.00 ch26	Cycle - m/z 299.00 ch27	Amplitude - m/z 299.00 ch27	Cycle - m/z 327.00 ch28	Amplitude - m/z 327.00 ch28	Cycle - m/z 59.00 ch29	Amplitude - m/z 59.00 ch29	
0	4,5E+2	0	7,0E+7	0	0,0	0	0,1	0	0,2	0	0,8	0	1,8	0	0,2	0	0,3	0	0,1	0	0,1	0	0,1	0	0,0	0	0,0	0	0,0	0	0,0	0	0,0	0	0,3	0	0,1	0	0,1	0	0,0	0	0,0	0	0,0	0	0,0	0	0,0	0	0,0	0	0,0	0	0,0	0	NaN	0	1,9	
1	4,6E+2	1	7,0E+7	1	0,0	1	0,1	1	0,2	1	0,8	1	2,2	1	0,4	1	0,1	1	0,2	1	0,2	1	0,0	1	0,1	1	0,0	1	0,0	1	0,0	1	0,0	1	0,3	1	0,0	1	0,0	1	0,0	1	0,0	1	0,0	1	0,0	1	0,0	1	0,0	1	0,0	1	0,0	1	NaN	1	2,1	
2	4,6E+2	2	7,1E+7	2	0,0	2	0,1	2	0,2	2	0,8	2	1,9	2	0,3	2	0,2	2	0,1	2	0,1	2	0,0	2	0,1	2	0,0	2	0,0	2	0,0	2	0,0	2	0,3	2	0,1	2	0,0	2	0,0	2	0,0	2	0,0	2	0,0	2	0,0	2	0,0	2	0,0	2	0,0	2	NaN	2	1,9	
3	4,7E+2	3	7,0E+7	3	0,0	3	0,1	3	0,2	3	0,8	3	1,8	3	0,3	3	0,2	3	0,2	3	0,1	3	0,0	3	0,0	3	0,1	3	0,0	3	0,0	3	0,0	3	0,3	3	0,1	3	0,1	3	0,0	3	0,0	3	0,0	3	0,0	3	0,0	3	0,0	3	0,0	3	0,0	3	NaN	3	10,7	
4	4,9E+2	4	7,3E+7	4	0,0	4	0,1	4	0,2	4	1,1	4	3,9	4	2,7E+2	4	4,2E+2	4	26,8	4	0,7	4	0,1	4	1,5	4	0,6	4	0,0	4	0,0	4	0,0	4	2,0	4	0,0	4	30,2	4	0,0	4	0,0	4	0,0	4	0,0	4	0,1	4	0,0	4	0,0	4	0,0	4	NaN	4	2,7	
5	4,5E+2	5	7,3E+7	5	0,0	5	0,1	5	0,2	5	0,9	5	2,3	5	1,5E+2	5	3,0E+2	5	20,6	5	0,6	5	0,1	5	1,4	5	5,3	5	0,0	5	0,0	5	0,0	5	1,5	5	0,1	5	26,0	5	0,1	5	0,0	5	0,0	5	0,0	5	0,1	5	0,0	5	0,0	5	0,0	5	NaN	5	2,3	
6	4,7E+2	6	7,2E+7	6	0,0	6	0,1	6	0,2	6	0,9	6	2,5	6	1,4E+2	6	2,7E+2	6	17,9	6	0,7	6	0,2	6	1,2	6	8,6	6	0,0	6	0,0	6	0,0	6	1,2	6	0,1	6	23,3	6	0,1	6	0,0	6	0,0	6	0,0	6	0,1	6	0,0	6	0,0	6	0,0	6	NaN	6	1,8	
7	4,7E+2	7	7,1E+7	7	0,0	7	0,1	7	0,2	7	0,9	7	2,3	7	1,3E+2	7	2,6E+2	7	16,7	7	0,5	7	0,2	7	1,3	7	10,6	7	0,0	7	0,0	7	0,0	7	1,2	7	0,1	7	22,4	7	0,1	7	0,0	7	0,0	7	0,0	7	0,1	7	0,0	7	0,0	7	0,0	7	NaN	7	1,8	
8	4,6E+2	8	7,2E+7	8	0,0	8	0,1	8	0,2	8	0,9	8	2,2	8	1,2E+2	8	2,5E+2	8	16,3	8	0,4	8	0,1	8	1,1	8	10,4	8	0,0	8	0,0	8	0,0	8	1,5	8	0,1	8	21,7	8	0,1	8	0,0	8	0,1	8	0,0	8	0,1	8	0,0	8	0,0	8	0,0	8	NaN	8	2,1	
9	4,7E+2	9	7,2E+7	9	0,0	9	0,1	9	0,2	9	0,9	9	2,0	9	1,2E+2	9	2,3E+2	9	16,9	9	0,5	9	0,2	9	1,0	9	10,7	9	0,0	9	0,0	9	0,0	9	1,3	9	0,0	9	20,4	9	0,2	9	0,0	9	0,0	9	0,0	9	0,0	9	0,0	9	0,0	9	0,0	9	NaN	9	2,4	
10	4,5E+2	10	7,2E+7	10	0,0	10	0,1	10	0,2	10	0,9	10	2,6	10	1,1E+2	10	2,2E+2	10	15,8	10	0,4	10	0,1	10	0,9	10	11,3	10	0,0	10	0,0	10	0,0	10	1,2	10	0,1	10	19,2	10	0,2	10	0,0	10	0,1	10	0,0	10	0,1	10	0,0	10	0,0	10	0,0	10	NaN	10	2,2	
11	4,8E+2	11	7,1E+7	11	0,0	11	0,1	11	0,2	11	0,9	11	2,2	11	1,1E+2	11	2,2E+2	11	15,6	11	0,3	11	0,2	11	0,9	11	11,3	11	0,0	11	0,0	11	0,0	11	0,9	11	0,1	11	19,9	11	0,2	11	0,0	11	0,1	11	0,0	11	0,1	11	0,0	11	0,0	11	0,0	11	NaN	11	2,1	
12	4,6E+2	12	7,3E+7	12	0,0	12	0,1	12	0,2	12	0,9	12	2,0	12	1,1E+2	12	2,1E+2	12	15,8	12	0,4	12	0,1	12	0,8	12	11,3	12	0,0	12	0,0	12	0,0	12	1,1	12	0,1	12	19,2	12	0,2	12	0,0	12	0,1	12	0,0	12	0,1	12	0,0	12	0,0	12	0,0	12	NaN	12	1,8	
13	4,6E+2	13	7,3E+7	13	0,0	13	0,1	13	0,2	13	0,9	13	2,3	13	1,0E+2	13	2,0E+2	13	15,0	13	0,5	13	0,2	13	0,8	13	11,1	13	0,0	13	0,0	13	0,0	13	1,1	13	0,0	13	17,4	13	0,1	13	0,1	13	0,0	13	0,0	13	0,0	13	0,0	13	0,0	13	0,0	13	NaN	13	2,1	
14	4,5E+2	14	7,3E+7	14	0,0	14	0,1	14	0,2	14	0,9	14	2,2	14	1,0E+2	14	2,0E+2	14	14,0	14	0,4	14	0,1	14	0,9	14	11,7	14	0,0	14	0,0	14	0,0	14	1,0	14	0,1	14	17,5	14	0,1	14	0,1	14	0,1	14	0,0	14	0,0	14	0,0	14	0,0	14	0,0	14	NaN	14	1,8	
15	4,5E+2	15	7,4E+7	15	0,0	15	0,1	15	0,2	15	0,9	15	2,0	15	1,0E+2	15	1,9E+2	15	13,4	15	0,5	15	0,3	15	0,9	15	11,1	15	0,0	15	0,0	15	0,0	15	1,1	15	0,1	15	16,2	15	0,1	15	0,0	15	0,0	15	0,0	15	0,1	15	0,0	15	0,0	15	0,0	15	NaN	15	1,9	
16	4,6E+2	16	7,4E+7	16	0,0	16	0,1	16	0,2	16	0,9	16	1,9	16	96,4	16	1,8E+2	16	13,8	16	0,5	16	0,2	16	0,8	16	12,0	16	0,0	16	0,0	16	0,0	16	1,1	16	0,0	16	15,8	16	0,2	16	0,0	16	0,1	16	0,0	16	0,1	16	0,0	16	0,0	16	0,0	16	NaN	16	2,1	
17	4,6E+2	17	7,4E+7	17	0,0	17	0,1	17	0,2	17	0,8	17	1,7	17	95,5	17	1,8E+2	17	14,3	17	0,5	17	0,1	17	0,7	17	11,2	17	0,0	17	0,0	17	0,0	17	1,0	17	0,1	17	16,0	17	0,1	17	0,0	17	0,1	17	0,0	17	0,0	17	0,0	17	0,0	17	0,0	17	NaN	17	2,1	
18	4,7E+2	18	7,3E+7	18	0,0	18	0,1	18	0,2	18	0,9	18	1,9	18	94,9	18	1,8E+2	18	14,4	18	0,5	18	0,1	18	0,8	18	11,6	18	0,0	18	0,0	18	0,0	18	0,8	18	0,1	18	15,8	18	0,1	18	0,0	18	0,1	18	0,0	18	0,0	18	0,0	18	0,0	18	0,0	18	Inf	18	2,3	
19	4,7E+2	19	7,1E+7	19	0,0	19	0,1	19	0,2	19	0,9	19	2,3	19	96,3	19	1,8E+2	19	14,1	19	0,5	19	0,2	19	0,9	19	11,2	19	0,0	19	0,0	19	0,0	19	1,1	19	0,1	19	15,9	19	0,1	19	0,0	19	0,1	19	0,0	19	0,0	19	0,0	19	0,0	19	0,0	19	NaN	19	2,0	
20	4,6E+2	20	7,4E+7	20	0,0	20	0,1	20	0,2	20	0,9	20	1,9	20	94,6	20	1,7E+2	20	13,7	20	0,4	20	0,2	20	0,7	20	11,3	20	0,0	20	0,0	20	0,0	20	1,0	20	0,0	20	15,5	20	0,1	20	0,0	20	0,1	20	0,0	20	0,0	20	0,0	20	0,0	20	0,0	20	NaN	20	1,6	
21	4,7E+2	21	7,2E+7	21	0,0	21	0,1	21	0,2	21	0,9	21	1,6	21	94,2	21	1,7E+2	21	14,5	21	0,4	21	0,2	21	0,6	21	11,3	21	0,0	21	0,0	21	0,0	21	0,9	21	0,1	21	14,4	21	0,1	21	0,0	21	0,1	21	0,0	21	0,0	21	0,0	21	0,0	21	0,0	21	NaN	21	2,3	
22	4,7E+2	22	7,3E+7	22	0,0	22	0,1	22	0,2	22	0,9	22	1,9	22	91,5	22	1,7E+2	22	14,0	22	0,4	22	0,3	22	0,7	22	10,8	22	0,0	22	0,0	22	0,0	22	0,8	22	0,1	22	15,1	22	0,1	22	0,0	22	0,1	22	0,0	22	0,0	22	0,0	22	0,0	22	0,0	22	NaN	22	2,0	
23	4,4E+2	23	7,5E+7	23	0,0	23	0,1	23	0,2	23	0,8	23	1,7	23	89,9	23	1,6E+2	23	13,4	23	0,5	23	0,2	23	0,7	23	11,2	23	0,0	23	0,0	23	0,0	23	1,0	23	0,1	23	13,5	23	0,1	23	0,0	23	0,1	23	0,0	23	0,0	23	0,0	23	0,0	23	0,0	23	NaN	23	2,1	
24	4,4E+2	24	7,5E+7	24	0,0	24	0,1	24	0,2	24	0,9	24	1,7	24	94,8	24	1,7E+2	24	14,1	24	0,4	24	0,2	24	0,8	24	10,8	24	0,0	24	0,0	24	0,0	24	0,9	24	0,1	24	14,9	24	0,1	24	0,0	24	0,1	24	0,0	24	0,0	24	0,0	24	0,0	24	0,0	24	NaN	24	2,3	
25	4,7E+2	25	7,2E+7	25	0,0	25	0,1	25	0,2	25	0,9	25	2,1	25	96,5	25	1,7E+2	25	14,0	25	0,5	25	0,2	25	0,8	25	11,8	25	0,0	25	0,0	25	0,0	25	0,9	25	0,0	25	15,6	25	0,1	25	0,0	25	0,1	25	0,0	25	0,0	25	0,0	25	0,0	25	0,0	25	NaN	25	2,1	
26	4,6E+2	26	7,3E+7	26	0,0	26	0,1	26	0,2	26	1,4	26	21,3	26	58,2	26	1,4E+2	26	8,8	26	0,7	26	0,2	26	2,1	26	13,4	26	0,0	26	0,0	26	0,0	26	2,2	26	0,1	26	38,6	26	0,1	26	0,0	26	0,1	26	0,0	26	0,1	26	0,0	26	0,0	26	0,0	26	NaN	26	5,2	
27	4,6E+2	27	7,5E+7	27	0,0	27	0,1	27	0,2	27	1,1	27	3,3	27	1,1E+2	27	3,3E+2	27	7,7	27	0,9	27	0,2	27	2,7	27	11,5	27	0,0	27	0,0	27	0,0	27	1,4	27	0,1	27	26,9	27	0,1	27	0,1	27	0,1	27	0,0	27	0,1	27	0,0	27	0,0	27	0,0	27	NaN	27	2,2	
28	4,6E+2	28	7,4E+7	28	0,0	28	0,1	28	0,2	28	1,0	28	2,2	28	89,2	28	2,9E+2	28	6,2	28	0,5	28	0,2	28	2,4	28	12,5	28	0,0	28	0,0	28	0,0	28	1,3	28	0,1	28	25,2	28	0,1	28	0,1	28	0,1	28	0,0	28	0,1	28	0,0	28	0,0	28	0,0	28	NaN	28	2,5	
29	4,5E+2	29	7,7E+7	29	0,0	29	0,1	29	0,2	29	0,9	29	2,1	29	81,0	29	2,6E+2	29	6,7	29	0,6	29	0,1	29	2,2	29	12,6	29	0,0	29	0,0	29	0,0	29	1,2	29	0,0	29	22,7	29	0,2	29	0,0	29	0,1	29	0,0	29	0,1	29	0,0	29	0,0	29	0,0	29	NaN	29	2,3	
30	4,7E+2	30	7,3E+7	30	0,0	30	0,1	30	0,2	30	1,0	30	2,7	30	81,1	30	2,6E+2	30	6,1	30	0,5	30	0,2	30	2,2	30	13,7	30	0,0	30	0,0	30	0,0	30	1,1	30	0,1	30	22,9	30	0,2	30	0,0	30	0,0	30	0,0	30	0,1	30	0,0	30	0,0	30	0,0	30	NaN	30	2,1	
31	4,4E+2	31	7,6E+7	31	0,0	31	0,1	31	0,2	31	0,9	31	1,8	31	71,5	31	2,3E+2	31	5,6	31	0,4	31	0,1	31	1,8	31	11,9	31	0,0	31	0,0	31	0,0	31	1,1	31	0,1	31	19,9	31	0,1	31	0,0	31	0,1	31	0,0	31	0,1	31	0,0	31	0,0	31	0,0	31	NaN	31	2,0	
32	4,5E+2	32	7,6E+7	32	0,0	32	0,1	32	0,2	32	0,9	32	2,3	32	69,7	32	2,2E+2	32	5,4	32	0,6	32	0,1	32	1,9	32	12,8	32	0,0	32	0,0	32	0,0	32	1,1	32	0,1	32	19,0	32	0,2	32	0,1	32	0,1	32	0,0	32	0,1	32	0,0	32	0,0	32	0,0	32	NaN	32	2,3	
33	4,4E+2	33	7,6E+7	33	0,0	33	0,1	33	0,2	33	0,9	33	2,2	33	64,1	33	2,1E+2	33	5,1	33	0,5	33	0,1	33	1,8	33	12,6	33	0,0	33	0,0	33	0,0	33	1,0	33	0,1	33	18,8	33	0,2	33	0,0	33	0,1	33	0,0	33	0,0	33	0,0	33	0,0	33	0,0	33	NaN	33	2,3	
34	4,5E+2	34	7,5E+7	34	0,0	34	0,1	34	0,2	34	0,9	34	2,2	34	61,5	34	2,1E+2	34	4,5	34	0,5	34	0,2	34	1,5	34	11,3	34	0,0	34	0,0	34	0,0	34	1,2	34	0,1	34	18,3	34	0,2	34	0,0	34	0,1	34	0,0	34	0,1	34	0,0	34	0,0	34	0,0	34	NaN	34	2,4	
35	4,5E+2	35	7,4E+7	35	0,0	35	0,1	35	0,2	35	0,9	35	2,0	35	61,2	35	2,0E+2	35	4,5	35	0,4	35	0,2	35	1,6	35	12,2	35	0,0	35	0,0	35	0,0	35	1,1	35	0,1	35	17,6	35	0,1	35	0,0	35	0,1	35	0,0	35	0,1	35	0,0	35	0,0	35	0,0	35	NaN	35	2,1	
36	4,6E+2	36	7,5E+7	36	0,0	36	0,1	36	0,2	36	0,9	36	2,2	36	57,7	36	1,9E+2	36	4,4	36	0,5	36	0,1	36	1,7	36	11,7	36	0,0	36	0,0	36	0,0	36	1,0	36	0,1	36	16,4	36	0,1	36	0,1	36	0,1	36	0,0	36	0,0	36	0,0	36	0,0	36	0,0	36	NaN	36	2,2	
37	4,5E+2	37	7,5E+7	37	0,0	37	0,1	37	0,2	37	0,9	37	2,0	37	56,1	37	1,9E+2	37	4,5	37	0,6	37	0,2	37	1,6	37	11,3	37	0,0	37	0,0	37	0,0	37	0,8	37	0,1	37	16,0	37	0,2	37	0,0	37	0,1	37	0,0	37	0,1	37	0,0	37	0,0	37	0,0	37	NaN	37	2,1	
38	4,5E+2	38	7,5E+7	38	0,0	38	0,1	38	0,2	38	0,9	38	2,3	38	55,3	38	1,9E+2	38	4,4	38	0,5	38	0,2	38	1,5	38	11,2	38	0,0	38	0,0	38	0,0	38	0,9	38	0,0	38	15,0	38	0,1	38	0,0	38	0,1	38	0,0	38	0,0	38	0,0	38	0,0	38	0,0	38	NaN	38	1,9	
39	4,4E+2	39	7,5E+7	39	0,0	39	0,1	39	0,2	39	0,9	39	2,2	39	53,0	39	1,8E+2	39	3,8	39	0,4	39	0,2	39	1,5	39	10,7	39	0,0	39	0,0	39	0,0	39	1,0	39	0,0	39	15,6	39	0,2	39	0,0	39	0,1	39	0,0	39	0,0	39	0,0	39	0,0	39	0,0	39	NaN	39	2,4	
40	4,4E+2	40	7,6E+7	40	0,0	40	0,1	40	0,2	40	0,9	40	2,1	40	50,4	40	1,7E+2	40	4,0	40	0,4	40	0,2	40	1,5	40	11,0	40	0,0	40	0,0	40	0,0	40	0,9	40	0,0	40	15,3	40	0,2	40	0,1	40	0,1	40	0,0	40	0,0	40	0,0	40	0,0	40	0,0	40	NaN	40	2,1	
41	4,4E+2	41	7,5E+7	41	0,0	41	0,1	41	0,2	41	0,9	41	1,8	41	51,9	41	1,7E+2	41	4,3	41	0,4	41	0,1	41	1,7	41	10,9	41	0,0	41	0,0	41	0,0	41	1,1	41	0,1	41	15,5	41	0,2	41	0,0	41	0,1	41	0,0	41	0,1	41	0,0	41	0,0	41	0,0	41	NaN	41	2,2	
42	4,4E+2	42	7,6E+7	42	0,0	42	0,1	42	0,2	42	0,9	42	1,9	42	49,5	42	1,7E+2	42	4,0	42	0,5	42	0,1	42	1,4	42	10,9	42	0,0	42	0,0	42	0,0	42	0,8	42	0,1	42	14,4	42	0,2	42	0,0	42	0,1	42	0,0	42	0,0	42	0,0	42	0,0	42	0,0	42	NaN	42	1,9	
43	4,5E+2	43	7,5E+7	43	0,0	43	0,1	43	0,2	43	0,9	43	2,2	43	50,0	43	1,6E+2	43	3,8	43	0,5	43	0,2	43	1,6	43	10,7	43	0,0	43	0,0	43	0,0	43	0,9	43	0,1	43	13,7	43	0,1	43	0,0	43	0,1	43	0,0	43	0,0	43	0,0	43	0,0	43	0,0	43	Inf	43	2,0	
44	4,4E+2	44	7,6E+7	44	0,0	44	0,1	44	0,2	44	0,9	44	1,8	44	48,3	44	1,6E+2	44	4,0	44	0,3	44	0,1	44	1,4	44	10,8	44	0,0	44	0,0	44	0,0	44	0,9	44	0,1	44	13,4	44	0,1	44	0,0	44	0,1	44	0,0	44	0,0	44	0,0	44	0,0	44	0,0	44	NaN	44	2,1	
45	4,4E+2	45	7,5E+7	45	0,0	45	0,1	45	0,2	45	0,9	45	2,0	45	49,9	45	1,6E+2	45	3,5	45	0,4	45	0,1	45	1,7	45	10,8	45	0,0	45	0,0	45	0,0	45	0,8	45	0,1	45	13,6	45	0,1	45	0,0	45	0,1	45	0,0	45	0,0	45	0,0	45	0,0	45	0,0	45	NaN	45	1,6	
46	4,3E+2	46	7,7E+7	46	0,0	46	0,1	46	0,2	46	0,9	46	2,4	46	47,5	46	1,6E+2	46	4,0	46	0,3	46	0,1	46	1,5	46	10,6	46	0,0	46	0,0	46	0,0	46	0,8	46	0,1	46	13,8	46	0,1	46	0,0	46	0,1	46	0,0	46	0,0	46	0,0	46	0,0	46	0,0	46	NaN	46	2,0	
47	4,6E+2	47	7,4E+7	47	0,0	47	0,1	47	0,2	47	0,9	47	2,2	47	50,1	47	1,6E+2	47	4,0	47	0,5	47	0,2	47	1,4	47	10,8	47	0,0	47	0,0	47	0,0	47	0,9	47	0,0	47	20,5	47	0,2	47	0,0	47	0,1	47	0,0	47	0,0	47	0,0	47	0,0	47	0,0	47	NaN	47	2,3	
48	4,4E+2	48	7,5E+7	48	0,0	48	0,1	48	0,2	48	1,5	48	14,1	48	6,9E+2	48	8,8E+2	48	84,4	48	1,6	48	0,3	48	2,4	48	12,2	48	0,0	48	0,0	48	0,0	48	4,2	48	0,1	48	55,5	48	0,1	48	0,0	48	0,2	48	0,0	48	0,2	48	0,0	48	0,0	48	0,0	48	NaN	48	4,1	
49	4,6E+2	49	7,4E+7	49	0,0	49	0,1	49	0,2	49	1,0	49	3,7	49	2,8E+2	49	3,7E+2	49	29,1	49	0,8	49	0,2	49	1,2	49	13,0	49	0,0	49	0,0	49	0,0	49	1,8	49	0,1	49	28,1	49	0,1	49	0,0	49	0,1	49	0,0	49	0,1	49	0,0	49	0,0	49	0,0	49	NaN	49	2,1	
50	4,5E+2	50	7,5E+7	50	0,0	50	0,1	50	0,2	50	0,9	50	2,6	50	2,1E+2	50	2,8E+2	50	23,3	50	0,7	50	0,3	50	1,1	50	12,5	50	0,0	50	0,0	50	0,0	50	1,6	50	0,1	50	24,1	50	0,1	50	0,0	50	0,1	50	0,0	50	0,1	50	0,0	50	0,0	50	0,0	50	NaN	50	2,0	
51	2,6E+2	51	7,6E+7	51	0,0	51	0,1	51	0,2	51	0,9	51	1,3	51	1,1E+2	51	1,5E+2	51	13,6	51	0,4	51	0,1	51	0,7	51	6,8	51	0,0	51	0,0	51	0,0	51	0,8	51	0,0	51	13,4	51	0,1	51	0,0	51	0,1	51	0,0	51	0,1	51	0,0	51	0,0	51	0,0	51	NaN	51	1,3	
52	4,5E+2	52	7,7E+7	52	0,0	52	0,1	52	0,2	52	0,9	52	2,2	52	1,7E+2	52	2,4E+2	52	21,0	52	0,7	52	0,2	52	0,8	52	10,3	52	0,0	52	0,0	52	0,0	52	1,8	52	0,0	52	20,2	52	0,2	52	0,0	52	0,1	52	0,0	52	0,0	52	0,0	52	0,0	52	0,0	52	NaN	52	2,2	
53	4,3E+2	53	7,7E+7	53	0,0	53	0,1	53	0,2	53	0,9	53	1,7	53	1,6E+2	53	2,2E+2	53	19,2	53	0,5	53	0,2	53	0,9	53	9,7	53	0,0	53	0,0	53	0,0	53	1,6	53	0,0	53	19,1	53	0,1	53	0,0	53	0,1	53	0,0	53	0,0	53	0,0	53	0,0	53	0,0	53	NaN	53	1,9	
54	4,4E+2	54	7,6E+7	54	0,0	54	0,1	54	0,2	54	0,9	54	2,0	54	1,6E+2	54	2,2E+2	54	18,8	54	0,4	54	0,2	54	0,8	54	9,5	54	0,0	54	0,0	54	0,0	54	1,5	54	0,1	54	19,3	54	0,1	54	0,0	54	0,1	54	0,0	54	0,0	54	0,0	54	0,0	54	0,0	54	NaN	54	2,0	
55	4,5E+2	55	7,6E+7	55	0,0	55	0,1	55	0,2	55	0,9	55	2,3	55	1,5E+2	55	2,1E+2	55	19,8	55	0,4	55	0,1	55	0,8	55	9,1	55	0,0	55	0,0	55	0,0	55	1,5	55	0,1	55	19,1	55	0,1	55	0,0	55	0,1	55	0,0	55	0,0	55	0,0	55	0,0	55	0,0	55	NaN	55	1,9	
56	4,4E+2	56	7,6E+7	56	0,0	56	0,1	56	0,2	56	0,9	56	2,0	56	1,5E+2	56	2,0E+2	56	18,1	56	0,4	56	0,2	56	0,7	56	9,0	56	0,0	56	0,0	56	0,0	56	1,2	56	0,0	56	17,6	56	0,1	56	0,1	56	0,1	56	0,0	56	0,0	56	0,0	56	0,0	56	0,0	56	NaN	56	1,8	
57	4,3E+2	57	7,6E+7	57	0,0	57	0,1	57	0,2	57	0,9	57	2,3	57	1,5E+2	57	2,0E+2	57	18,0	57	0,6	57	0,2	57	0,7	57	8,7	57	0,0	57	0,0	57	0,0	57	1,2	57	0,1	57	17,4	57	0,1	57	0,0	57	0,1	57	0,0	57	0,0	57	0,0	57	0,0	57	0,0	57	NaN	57	2,5	
58	4,4E+2	58	7,4E+7	58	0,0	58	0,1	58	0,2	58	0,9	58	2,2	58	1,5E+2	58	2,0E+2	58	18,5	58	0,4	58	0,1	58	0,8	58	8,6	58	0,0	58	0,0	58	0,0	58	1,3	58	0,1	58	16,7	58	0,1	58	0,0	58	0,1	58	0,0	58	0,0	58	0,0	58	0,0	58	0,0	58	NaN	58	2,4	
59	4,3E+2	59	7,8E+7	59	0,0	59	0,1	59	0,2	59	0,9	59	1,6	59	1,4E+2	59	1,8E+2	59	17,2	59	0,4	59	0,1	59	0,6	59	8,3	59	0,0	59	0,0	59	0,0	59	1,2	59	0,1	59	16,6	59	0,1	59	0,0	59	0,1	59	0,0	59	0,0	59	0,0	59	0,0	59	0,0	59	NaN	59	2,3	
60	4,3E+2	60	7,7E+7	60	0,0	60	0,1	60	0,2	60	0,9	60	1,8	60	1,4E+2	60	1,8E+2	60	18,2	60	0,6	60	0,1	60	0,6	60	7,7	60	0,0	60	0,0	60	0,0	60	1,1	60	0,1	60	15,1	60	0,1	60	0,0	60	0,1	60	0,0	60	0,0	60	0,0	60	0,0	60	0,0	60	NaN	60	2,5	
61	4,3E+2	61	7,6E+7	61	0,0	61	0,1	61	0,2	61	0,9	61	2,1	61	1,4E+2	61	1,9E+2	61	18,6	61	0,4	61	0,2	61	0,6	61	8,5	61	0,0	61	0,0	61	0,0	61	1,1	61	0,1	61	16,0	61	0,1	61	0,0	61	0,1	61	0,0	61	0,1	61	0,0	61	0,0	61	0,0	61	NaN	61	2,1	
62	4,5E+2	62	7,4E+7	62	0,0	62	0,1	62	0,2	62	0,9	62	2,3	62	1,4E+2	62	1,9E+2	62	18,9	62	0,4	62	0,2	62	0,7	62	8,9	62	0,0	62	0,0	62	0,0	62	1,2	62	0,1	62	16,2	62	0,1	62	0,0	62	0,1	62	0,0	62	0,0	62	0,0	62	0,0	62	0,0	62	NaN	62	2,0	
63	4,2E+2	63	7,7E+7	63	0,0	63	0,1	63	0,2	63	0,9	63	2,1	63	1,3E+2	63	1,8E+2	63	17,4	63	0,4	63	0,1	63	0,8	63	8,0	63	0,0	63	0,0	63	0,0	63	1,2	63	0,1	63	15,9	63	0,2	63	0,0	63	0,1	63	0,0	63	0,0	63	0,0	63	0,0	63	0,0	63	NaN	63	2,2	
64	4,4E+2	64	7,7E+7	64	0,0	64	0,1	64	0,2	64	0,9	64	2,3	64	1,3E+2	64	1,7E+2	64	18,3	64	0,4	64	0,1	64	0,7	64	8,3	64	0,0	64	0,0	64	0,0	64	1,3	64	0,1	64	15,5	64	0,1	64	0,0	64	0,1	64	0,0	64	0,0	64	0,0	64	0,0	64	0,0	64	NaN	64	2,2	
65	4,4E+2	65	7,7E+7	65	0,0	65	0,1	65	0,2	65	0,9	65	1,9	65	1,3E+2	65	1,7E+2	65	16,4	65	0,6	65	0,2	65	0,5	65	7,9	65	0,0	65	0,0	65	0,0	65	0,9	65	0,1	65	15,1	65	0,1	65	0,0	65	0,0	65	0,0	65	0,0	65	0,0	65	0,0	65	0,0	65	NaN	65	2,6	
66	4,4E+2	66	7,6E+7	66	0,0	66	0,1	66	0,2	66	0,9	66	2,0	66	1,3E+2	66	1,7E+2	66	17,5	66	0,5	66	0,2	66	0,5	66	8,5	66	0,0	66	0,0	66	0,0	66	1,3	66	0,0	66	14,9	66	0,1	66	0,0	66	0,1	66	0,0	66	0,0	66	0,0	66	0,0	66	0,0	66	NaN	66	2,1	
67	4,3E+2	67	7,7E+7	67	0,0	67	0,1	67	0,2	67	0,9	67	1,9	67	1,3E+2	67	1,7E+2	67	17,0	67	0,6	67	0,1	67	0,7	67	7,6	67	0,0	67	0,0	67	0,0	67	1,0	67	0,0	67	14,5	67	0,1	67	0,0	67	0,1	67	0,0	67	0,0	67	0,0	67	0,0	67	0,0	67	NaN	67	2,1	
68	4,3E+2	68	7,8E+7	68	0,0	68	0,1	68	0,2	68	0,9	68	1,9	68	1,3E+2	68	1,7E+2	68	17,3	68	0,4	68	0,2	68	0,6	68	8,1	68	0,0	68	0,0	68	0,0	68	1,1	68	0,0	68	14,9	68	0,1	68	0,0	68	0,1	68	0,0	68	0,0	68	0,0	68	0,0	68	0,0	68	NaN	68	2,3	
69	4,3E+2	69	7,6E+7	69	0,0	69	0,1	69	0,2	69	0,9	69	2,0	69	1,3E+2	69	1,7E+2	69	16,7	69	0,5	69	0,1	69	0,8	69	7,9	69	0,0	69	0,0	69	0,0	69	1,8	69	0,1	69	26,3	69	0,1	69	0,0	69	0,1	69	0,0	69	0,0	69	0,0	69	0,0	69	0,0	69	Inf	69	22,6	
70	4,3E+2	70	8,0E+7	70	0,0	70	0,1	70	0,2	70	1,0	70	9,5	70	8,6	70	14,5	70	1,4	70	0,2	70	0,0	70	0,2	70	8,7	70	0,0	70	0,0	70	0,0	70	0,4	70	0,1	70	1,0	70	0,1	70	0,0	70	0,1	70	0,0	70	0,0	70	0,0	70	0,0	70	0,0	70	NaN	70	2,8	
71	4,3E+2	71	7,6E+7	71	0,0	71	0,1	71	0,2	71	0,8	71	2,2	71	4,7	71	9,0	71	0,9	71	0,1	71	0,1	71	0,1	71	6,3	71	0,0	71	0,0	71	0,0	71	0,5	71	0,1	71	0,7	71	0,1	71	0,0	71	0,1	71	0,0	71	0,0	71	0,0	71	0,0	71	0,0	71	NaN	71	1,7	
72	4,3E+2	72	7,7E+7	72	0,0	72	0,1	72	0,2	72	0,8	72	1,9	72	3,7	72	6,4	72	0,7	72	0,2	72	0,0	72	0,1	72	3,8	72	0,0	72	0,0	72	0,0	72	0,3	72	0,1	72	0,7	72	0,0	72	0,0	72	0,1	72	0,0	72	0,0	72	0,0	72	0,0	72	0,0	72	NaN	72	1,7	
73	4,3E+2	73	7,7E+7	73	0,0	73	0,1	73	0,2	73	0,8	73	1,9	73	3,3	73	5,4	73	0,7	73	0,2	73	0,1	73	0,2	73	2,5	73	0,0	73	0,0	73	0,0	73	0,5	73	0,1	73	0,5	73	0,0	73	0,0	73	0,1	73	0,0	73	0,0	73	0,0	73	0,0	73	0,0	73	NaN	73	1,9	
74	4,3E+2	74	7,6E+7	74	0,0	74	0,1	74	0,2	74	0,8	74	1,6	74	2,7	74	4,9	74	0,7	74	0,2	74	0,0	74	0,1	74	2,1	74	0,0	74	0,0	74	0,0	74	0,4	74	0,1	74	0,4	74	0,1	74	0,0	74	0,1	74	0,0	74	0,0	74	0,0	74	0,0	74	0,0	74	NaN	74	1,3	
75	4,4E+2	75	7,6E+7	75	0,0	75	0,1	75	0,2	75	0,8	75	1,9	75	2,6	75	4,5	75	0,5	75	0,1	75	0,1	75	0,1	75	1,7	75	0,0	75	0,0	75	0,0	75	0,3	75	0,1	75	0,4	75	0,0	75	0,1	75	0,1	75	0,0	75	0,0	75	0,0	75	0,0	75	0,0	75	NaN	75	1,8	
76	4,4E+2	76	7,6E+7	76	0,0	76	0,1	76	0,2	76	0,8	76	2,3	76	2,4	76	4,0	76	0,5	76	0,1	76	0,1	76	0,1	76	1,3	76	0,0	76	0,0	76	0,0	76	0,4	76	0,0	76	0,4	76	0,0	76	0,0	76	0,0	76	0,0	76	0,0	76	0,0	76	0,0	76	0,0	76	NaN	76	2,0	
77	4,4E+2	77	7,5E+7	77	0,0	77	0,1	77	0,2	77	0,8	77	1,9	77	2,4	77	3,5	77	0,4	77	0,2	77	0,0	77	0,1	77	1,2	77	0,0	77	0,0	77	0,0	77	0,5	77	0,1	77	0,2	77	0,0	77	0,0	77	0,1	77	0,0	77	0,0	77	0,0	77	0,0	77	0,0	77	NaN	77	1,9	
78	4,3E+2	78	7,6E+7	78	0,0	78	0,1	78	0,2	78	0,8	78	1,8	78	2,0	78	3,1	78	0,5	78	0,2	78	0,1	78	0,1	78	1,2	78	0,0	78	0,0	78	0,0	78	0,3	78	0,1	78	0,3	78	0,0	78	0,0	78	0,1	78	0,0	78	0,0	78	0,0	78	0,0	78	0,0	78	NaN	78	1,7	
79	4,4E+2	79	7,5E+7	79	0,0	79	0,1	79	0,2	79	0,8	79	1,9	79	1,9	79	3,1	79	0,5	79	0,2	79	0,1	79	0,1	79	1,1	79	0,0	79	0,0	79	0,0	79	0,2	79	0,1	79	0,3	79	0,0	79	0,0	79	0,0	79	0,0	79	0,0	79	0,0	79	0,0	79	0,0	79	NaN	79	1,9	
80	4,3E+2	80	7,7E+7	80	0,0	80	0,1	80	0,2	80	0,8	80	1,5	80	1,9	80	2,9	80	0,5	80	0,2	80	0,0	80	0,1	80	1,0	80	0,0	80	0,0	80	0,0	80	0,4	80	0,1	80	0,3	80	0,0	80	0,0	80	0,0	80	0,0	80	0,0	80	0,0	80	0,0	80	0,0	80	NaN	80	2,1	
81	4,3E+2	81	7,7E+7	81	0,0	81	0,1	81	0,2	81	0,8	81	1,7	81	1,5	81	2,7	81	0,3	81	0,2	81	0,1	81	0,1	81	0,7	81	0,0	81	0,0	81	0,0	81	0,3	81	0,0	81	0,2	81	0,0	81	0,0	81	0,0	81	0,0	81	0,0	81	0,0	81	0,0	81	0,0	81	NaN	81	1,6	
82	4,3E+2	82	7,5E+7	82	0,0	82	0,1	82	0,2	82	0,8	82	1,8	82	1,9	82	2,5	82	0,4	82	0,2	82	0,0	82	0,1	82	0,9	82	0,0	82	0,0	82	0,0	82	0,5	82	0,1	82	0,3	82	0,0	82	0,0	82	0,0	82	0,0	82	0,0	82	0,0	82	0,0	82	0,0	82	NaN	82	1,7	
83	4,3E+2	83	7,5E+7	83	0,0	83	0,1	83	0,2	83	0,8	83	1,9	83	1,6	83	2,8	83	0,4	83	0,1	83	0,0	83	0,1	83	0,7	83	0,0	83	0,0	83	0,0	83	0,5	83	0,1	83	0,2	83	0,0	83	0,0	83	0,0	83	0,0	83	0,0	83	0,0	83	0,0	83	0,0	83	NaN	83	2,1	
84	4,2E+2	84	7,6E+7	84	0,0	84	0,1	84	0,2	84	0,8	84	1,9	84	1,6	84	2,6	84	0,4	84	0,1	84	0,0	84	0,1	84	0,7	84	0,0	84	0,0	84	0,0	84	0,3	84	0,1	84	0,2	84	0,0	84	0,0	84	0,1	84	0,0	84	0,0	84	0,0	84	0,0	84	0,0	84	NaN	84	2,2	
85	4,4E+2	85	7,4E+7	85	0,0	85	0,1	85	0,2	85	0,8	85	1,7	85	1,5	85	2,1	85	0,5	85	0,1	85	0,0	85	0,1	85	0,7	85	0,0	85	0,0	85	0,0	85	0,3	85	0,1	85	0,2	85	0,0	85	0,0	85	0,0	85	0,0	85	0,0	85	0,0	85	0,0	85	0,0	85	NaN	85	1,8	
86	4,4E+2	86	7,4E+7	86	0,0	86	0,1	86	0,2	86	0,8	86	2,0	86	1,4	86	2,3	86	0,4	86	0,1	86	0,1	86	0,2	86	0,7	86	0,0	86	0,0	86	0,0	86	0,4	86	0,1	86	0,2	86	0,0	86	0,0	86	0,0	86	0,0	86	0,0	86	0,0	86	0,0	86	0,0	86	NaN	86	2,1	
87	4,3E+2	87	7,6E+7	87	0,0	87	0,1	87	0,2	87	0,8	87	1,7	87	1,2	87	2,2	87	0,3	87	0,1	87	0,0	87	0,1	87	0,7	87	0,0	87	0,0	87	0,0	87	0,3	87	0,1	87	0,3	87	0,0	87	0,0	87	0,0	87	0,0	87	0,0	87	0,0	87	0,0	87	0,0	87	NaN	87	1,7	
88	4,3E+2	88	7,6E+7	88	0,0	88	0,1	88	0,2	88	0,8	88	1,9	88	1,3	88	2,0	88	0,3	88	0,1	88	0,0	88	0,1	88	0,5	88	0,0	88	0,0	88	0,0	88	0,3	88	0,1	88	0,1	88	0,0	88	0,0	88	0,0	88	0,0	88	0,0	88	0,0	88	0,0	88	0,0	88	NaN	88	1,4	
89	4,3E+2	89	7,5E+7	89	0,0	89	0,1	89	0,2	89	0,8	89	1,8	89	1,2	89	2,0	89	0,3	89	0,1	89	0,0	89	0,1	89	0,6	89	0,0	89	0,0	89	0,0	89	0,2	89	0,1	89	0,2	89	0,1	89	0,0	89	0,0	89	0,0	89	0,0	89	0,0	89	0,0	89	0,0	89	NaN	89	2,1	
90	4,2E+2	90	7,5E+7	90	0,0	90	0,1	90	0,2	90	0,8	90	2,2	90	1,3	90	2,0	90	0,3	90	0,1	90	0,1	90	0,1	90	0,5	90	0,0	90	0,0	90	0,0	90	0,4	90	0,1	90	0,2	90	0,0	90	0,0	90	0,0	90	0,0	90	0,0	90	0,0	90	0,0	90	0,0	90	NaN	90	1,9	
91	4,2E+2	91	7,7E+7	91	0,0	91	0,1	91	0,2	91	0,8	91	1,5	91	1,1	91	1,9	91	0,3	91	0,1	91	0,1	91	0,1	91	0,5	91	0,0	91	0,0	91	0,0	91	0,3	91	0,1	91	0,1	91	0,0	91	0,0	91	0,0	91	0,0	91	0,0	91	0,0	91	0,0	91	0,0	91	NaN	91	2,1	
92	4,4E+2	92	7,5E+7	92	0,0	92	0,1	92	0,2	92	0,8	92	1,5	92	1,2	92	1,5	92	0,4	92	0,1	92	0,0	92	0,1	92	0,3	92	0,0	92	0,0	92	0,0	92	0,4	92	0,1	92	0,1	92	0,0	92	0,0	92	0,0	92	0,0	92	0,0	92	0,0	92	0,0	92	0,0	92	NaN	92	1,6	
93	4,2E+2	93	7,7E+7	93	0,0	93	0,1	93	0,2	93	0,8	93	1,8	93	1,2	93	1,7	93	0,3	93	0,1	93	0,0	93	0,1	93	0,5	93	0,0	93	0,0	93	0,0	93	0,2	93	0,0	93	0,2	93	0,0	93	0,0	93	0,0	93	0,0	93	0,0	93	0,0	93	0,0	93	0,0	93	NaN	93	1,7	
94	4,4E+2	94	7,5E+7	94	0,0	94	0,1	94	0,2	94	0,8	94	1,7	94	1,0	94	1,6	94	0,2	94	0,1	94	0,1	94	0,1	94	0,5	94	0,0	94	0,0	94	0,0	94	0,4	94	0,2	94	0,1	94	0,0	94	0,0	94	0,0	94	0,0	94	0,0	94	0,0	94	0,0	94	0,0	94	NaN	94	1,7	
95	4,4E+2	95	7,4E+7	95	0,0	95	0,1	95	0,2	95	0,8	95	2,0	95	1,2	95	1,8	95	0,2	95	0,1	95	0,0	95	0,1	95	0,4	95	0,0	95	0,0	95	0,0	95	0,3	95	0,1	95	0,1	95	0,0	95	0,0	95	0,0	95	0,0	95	0,0	95	0,0	95	0,0	95	0,0	95	NaN	95	2,0	
96	4,2E+2	96	7,5E+7	96	0,0	96	0,1	96	0,2	96	0,8	96	1,8	96	0,9	96	1,4	96	0,2	96	0,0	96	0,0	96	0,1	96	0,5	96	0,0	96	0,0	96	0,0	96	0,4	96	0,1	96	0,1	96	0,0	96	0,0	96	0,0	96	0,0	96	0,0	96	0,0	96	0,0	96	0,0	96	NaN	96	2,0	
97	4,4E+2	97	7,6E+7	97	0,0	97	0,1	97	0,2	97	0,8	97	1,6	97	1,1	97	1,7	97	0,4	97	0,1	97	0,0	97	0,1	97	0,3	97	0,0	97	0,0	97	0,0	97	0,4	97	0,1	97	0,2	97	0,0	97	0,0	97	0,0	97	0,0	97	0,0	97	0,0	97	0,0	97	0,0	97	NaN	97	2,1	
98	4,3E+2	98	7,5E+7	98	0,0	98	0,1	98	0,2	98	0,8	98	1,8	98	1,0	98	1,6	98	0,3	98	0,1	98	0,0	98	0,1	98	0,5	98	0,0	98	0,0	98	0,0	98	0,3	98	0,0	98	0,1	98	0,1	98	0,0	98	0,0	98	0,0	98	0,0	98	0,0	98	0,0	98	0,0	98	NaN	98	1,8	
99	4,2E+2	99	7,6E+7	99	0,0	99	0,1	99	0,2	99	0,8	99	1,7	99	0,9	99	1,6	99	0,3	99	0,1	99	0,0	99	0,1	99	0,4	99	0,0	99	0,0	99	0,0	99	0,3	99	0,0	99	0,1	99	0,0	99	0,0	99	0,0	99	0,0	99	0,0	99	0,0	99	0,0	99	0,0	99	NaN	99	1,5	
100	4,4E+2	100	7,3E+7	100	0,0	100	0,1	100	0,2	100	0,8	100	2,1	100	1,0	100	1,7	100	0,3	100	0,2	100	0,0	100	0,1	100	0,4	100	0,0	100	0,0	100	0,0	100	0,3	100	0,1	100	0,2	100	0,1	100	0,0	100	0,0	100	0,0	100	0,0	100	0,0	100	0,0	100	0,0	100	NaN	100	2,0	
101	4,3E+2	101	7,5E+7	101	0,0	101	0,1	101	0,2	101	0,8	101	1,8	101	1,0	101	1,6	101	0,3	101	0,1	101	0,0	101	0,1	101	0,3	101	0,0	101	0,0	101	0,0	101	0,2	101	0,1	101	0,1	101	0,0	101	0,0	101	0,0	101	0,0	101	0,0	101	0,0	101	0,0	101	0,0	101	NaN	101	1,7	
102	4,3E+2	102	7,4E+7	102	0,0	102	0,1	102	0,2	102	0,8	102	2,1	102	0,9	102	1,4	102	0,4	102	0,1	102	0,1	102	0,1	102	0,4	102	0,0	102	0,0	102	0,0	102	0,3	102	0,1	102	0,1	102	0,0	102	0,0	102	0,0	102	0,0	102	0,0	102	0,0	102	0,0	102	0,0	102	NaN	102	1,8	
103	4,4E+2	103	7,4E+7	103	0,0	103	0,1	103	0,2	103	0,8	103	1,8	103	0,9	103	1,4	103	0,3	103	0,1	103	0,0	103	0,1	103	0,4	103	0,0	103	0,0	103	0,0	103	0,3	103	0,1	103	0,1	103	0,0	103	0,0	103	0,0	103	0,0	103	0,0	103	0,0	103	0,0	103	0,0	103	NaN	103	2,1	
104	4,2E+2	104	7,6E+7	104	0,0	104	0,1	104	0,2	104	0,8	104	1,9	104	0,9	104	1,4	104	0,3	104	0,1	104	0,1	104	0,1	104	0,3	104	0,0	104	0,0	104	0,0	104	0,3	104	0,1	104	0,1	104	0,0	104	0,0	104	0,0	104	0,0	104	0,0	104	0,0	104	0,0	104	0,0	104	NaN	104	1,7	
105	4,2E+2	105	7,7E+7	105	0,0	105	0,1	105	0,2	105	0,8	105	1,5	105	0,7	105	1,3	105	0,3	105	0,2	105	0,1	105	0,1	105	0,4	105	0,0	105	0,0	105	0,0	105	0,5	105	0,1	105	0,2	105	0,0	105	0,0	105	0,1	105	0,0	105	0,0	105	0,0	105	0,0	105	0,0	105	NaN	105	1,8	
106	4,4E+2	106	7,5E+7	106	0,0	106	0,1	106	0,2	106	0,8	106	2,0	106	0,8	106	1,6	106	0,3	106	0,1	106	0,0	106	0,1	106	0,3	106	0,0	106	0,0	106	0,0	106	0,4	106	0,1	106	0,1	106	0,0	106	0,0	106	0,0	106	0,0	106	0,0	106	0,0	106	0,0	106	0,0	106	Inf	106	1,8	
107	4,2E+2	107	7,6E+7	107	0,0	107	0,1	107	0,2	107	0,8	107	1,7	107	0,8	107	1,3	107	0,2	107	0,1	107	0,0	107	0,1	107	0,3	107	0,0	107	0,0	107	0,0	107	0,2	107	0,1	107	0,1	107	0,0	107	0,0	107	0,0	107	0,0	107	0,0	107	0,0	107	0,0	107	0,0	107	NaN	107	1,8	
108	4,2E+2	108	7,7E+7	108	0,0	108	0,1	108	0,2	108	0,8	108	1,8	108	0,7	108	1,1	108	0,3	108	0,1	108	0,1	108	0,1	108	0,3	108	0,0	108	0,0	108	0,0	108	0,4	108	0,1	108	0,2	108	0,0	108	0,0	108	0,0	108	0,0	108	0,0	108	0,0	108	0,0	108	0,0	108	NaN	108	1,8	
109	4,3E+2	109	7,5E+7	109	0,0	109	0,1	109	0,2	109	0,8	109	1,6	109	1,0	109	0,9	109	0,3	109	0,1	109	0,0	109	0,1	109	0,4	109	0,0	109	0,0	109	0,0	109	0,3	109	0,1	109	0,0	109	0,0	109	0,0	109	0,0	109	0,0	109	0,0	109	0,0	109	0,0	109	0,0	109	Inf	109	1,4	
110	4,2E+2	110	7,6E+7	110	0,0	110	0,1	110	0,2	110	0,8	110	1,6	110	1,0	110	1,1	110	0,2	110	0,1	110	0,0	110	0,1	110	0,3	110	0,0	110	0,0	110	0,0	110	0,4	110	0,1	110	0,1	110	0,0	110	0,0	110	0,0	110	0,0	110	0,0	110	0,0	110	0,0	110	0,0	110	NaN	110	1,8	
111	4,2E+2	111	7,6E+7	111	0,0	111	0,1	111	0,2	111	0,8	111	1,7	111	0,8	111	1,1	111	0,4	111	0,1	111	0,0	111	0,1	111	0,3	111	0,0	111	0,0	111	0,0	111	0,4	111	0,0	111	0,0	111	0,0	111	0,0	111	0,0	111	0,0	111	0,0	111	0,0	111	0,0	111	0,0	111	NaN	111	1,5	
112	4,1E+2	112	7,7E+7	112	0,0	112	0,1	112	0,2	112	0,8	112	1,9	112	0,8	112	1,1	112	0,4	112	0,1	112	0,0	112	0,1	112	0,4	112	0,0	112	0,0	112	0,0	112	0,3	112	0,1	112	0,2	112	0,0	112	0,0	112	0,0	112	0,0	112	0,0	112	0,0	112	0,0	112	0,0	112	NaN	112	1,8	
113	4,2E+2	113	7,6E+7	113	0,0	113	0,1	113	0,2	113	0,8	113	1,9	113	1,0	113	1,2	113	0,2	113	0,1	113	0,0	113	0,1	113	0,2	113	0,0	113	0,0	113	0,0	113	0,3	113	0,1	113	0,1	113	0,0	113	0,0	113	0,0	113	0,0	113	0,0	113	0,0	113	0,0	113	0,0	113	NaN	113	1,8	
114	4,2E+2	114	7,6E+7	114	0,0	114	0,1	114	0,2	114	0,8	114	1,8	114	0,7	114	1,1	114	0,2	114	0,2	114	0,0	114	0,0	114	0,3	114	0,0	114	0,0	114	0,0	114	0,2	114	0,2	114	0,1	114	0,0	114	0,0	114	0,0	114	0,0	114	0,0	114	0,0	114	0,0	114	0,0	114	NaN	114	1,8	
115	4,2E+2	115	7,6E+7	115	0,0	115	0,1	115	0,2	115	0,8	115	1,6	115	0,7	115	1,0	115	0,3	115	0,1	115	0,0	115	0,1	115	0,3	115	0,0	115	0,0	115	0,0	115	0,3	115	0,1	115	0,1	115	0,0	115	0,0	115	0,0	115	0,0	115	0,0	115	0,0	115	0,0	115	0,0	115	NaN	115	2,1	
116	4,3E+2	116	7,5E+7	116	0,0	116	0,1	116	0,2	116	0,8	116	1,8	116	0,8	116	1,0	116	0,2	116	0,1	116	0,0	116	0,1	116	0,3	116	0,0	116	0,0	116	0,0	116	0,2	116	0,1	116	0,1	116	0,0	116	0,0	116	0,0	116	0,0	116	0,0	116	0,0	116	0,0	116	0,0	116	NaN	116	2,0	
117	4,2E+2	117	7,5E+7	117	0,0	117	0,1	117	0,2	117	0,8	117	1,3	117	0,6	117	1,0	117	0,3	117	0,1	117	0,0	117	0,2	117	0,3	117	0,0	117	0,0	117	0,0	117	0,3	117	0,1	117	0,1	117	0,0	117	0,0	117	0,0	117	0,0	117	0,0	117	0,0	117	0,0	117	0,0	117	NaN	117	1,8	
118	4,2E+2	118	7,5E+7	118	0,0	118	0,1	118	0,2	118	0,8	118	1,7	118	0,8	118	1,1	118	0,3	118	0,1	118	0,0	118	0,1	118	0,2	118	0,0	118	0,0	118	0,0	118	0,3	118	0,0	118	0,1	118	0,0	118	0,0	118	0,0	118	0,0	118	0,0	118	0,0	118	0,0	118	0,0	118	NaN	118	1,7	
119	4,3E+2	119	7,5E+7	119	0,0	119	0,1	119	0,2	119	0,8	119	1,7	119	0,7	119	1,0	119	0,4	119	0,1	119	0,0	119	0,1	119	0,3	119	0,0	119	0,0	119	0,0	119	0,3	119	0,1	119	0,1	119	0,1	119	0,0	119	0,0	119	0,0	119	0,0	119	0,0	119	0,0	119	0,0	119	NaN	119	2,0	
120	4,2E+2	120	7,6E+7	120	0,0	120	0,1	120	0,2	120	0,8	120	1,8	120	0,9	120	1,3	120	0,2	120	0,2	120	0,0	120	0,1	120	0,2	120	0,0	120	0,0	120	0,0	120	0,3	120	0,0	120	0,1	120	0,0	120	0,0	120	0,0	120	0,0	120	0,0	120	0,0	120	0,0	120	0,0	120	NaN	120	1,9	
121	4,3E+2	121	7,5E+7	121	0,0	121	0,1	121	0,2	121	0,8	121	1,6	121	1,8	121	2,8	121	0,3	121	0,1	121	0,0	121	0,1	121	0,2	121	0,0	121	0,0	121	0,0	121	0,3	121	0,1	121	0,3	121	0,0	121	0,0	121	0,0	121	0,0	121	0,0	121	0,0	121	0,0	121	0,0	121	NaN	121	2,0	
122	4,2E+2	122	7,5E+7	122	0,0	122	0,1	122	0,2	122	0,8	122	1,6	122	1,4	122	2,2	122	0,3	122	0,2	122	0,1	122	0,1	122	0,2	122	0,0	122	0,0	122	0,0	122	0,3	122	0,1	122	0,2	122	0,0	122	0,0	122	0,0	122	0,0	122	0,0	122	0,0	122	0,0	122	0,0	122	Inf	122	1,5	
123	4,2E+2	123	7,7E+7	123	0,0	123	0,1	123	0,2	123	0,8	123	1,4	123	1,1	123	2,3	123	0,2	123	0,2	123	0,0	123	0,1	123	0,3	123	0,0	123	0,0	123	0,0	123	0,4	123	0,0	123	0,2	123	0,0	123	0,0	123	0,0	123	0,0	123	0,0	123	0,0	123	0,0	123	0,0	123	NaN	123	1,7	
124	4,2E+2	124	7,6E+7	124	0,0	124	0,1	124	0,2	124	0,8	124	1,6	124	0,8	124	0,9	124	0,2	124	0,2	124	0,0	124	0,1	124	0,2	124	0,0	124	0,0	124	0,0	124	0,3	124	0,0	124	0,0	124	0,0	124	0,0	124	0,0	124	0,0	124	0,0	124	0,0	124	0,0	124	0,0	124	NaN	124	1,7	
125	4,3E+2	125	7,5E+7	125	0,0	125	0,1	125	0,2	125	0,8	125	1,6	125	0,5	125	0,9	125	0,2	125	0,1	125	0,0	125	0,1	125	0,2	125	0,0	125	0,0	125	0,0	125	0,3	125	0,1	125	0,1	125	0,0	125	0,0	125	0,0	125	0,0	125	0,0	125	0,0	125	0,0	125	0,0	125	NaN	125	1,8	
126	4,4E+2	126	7,3E+7	126	0,0	126	0,1	126	0,2	126	0,8	126	1,6	126	0,6	126	0,7	126	0,2	126	0,1	126	0,0	126	0,1	126	0,2	126	0,0	126	0,0	126	0,0	126	0,3	126	0,1	126	0,1	126	0,0	126	0,0	126	0,0	126	0,0	126	0,0	126	0,0	126	0,0	126	0,0	126	NaN	126	1,5	
127	4,2E+2	127	7,5E+7	127	0,0	127	0,1	127	0,2	127	0,8	127	2,0	127	0,9	127	0,8	127	0,2	127	0,2	127	0,0	127	0,1	127	0,3	127	0,0	127	0,0	127	0,0	127	0,4	127	0,1	127	0,2	127	0,0	127	0,0	127	0,0	127	0,0	127	0,0	127	0,0	127	0,0	127	0,0	127	NaN	127	1,5	
128	4,1E+2	128	7,5E+7	128	0,0	128	0,1	128	0,2	128	0,8	128	1,8	128	0,8	128	1,1	128	0,2	128	0,1	128	0,1	128	0,1	128	0,3	128	0,0	128	0,0	128	0,0	128	0,4	128	0,1	128	0,1	128	0,0	128	0,0	128	0,0	128	0,0	128	0,0	128	0,0	128	0,0	128	0,0	128	NaN	128	1,7	
129	4,3E+2	129	7,4E+7	129	0,0	129	0,1	129	0,2	129	0,8	129	2,0	129	0,6	129	1,0	129	0,3	129	0,1	129	0,0	129	0,1	129	0,2	129	0,0	129	0,0	129	0,0	129	0,3	129	0,1	129	0,1	129	0,0	129	0,0	129	0,0	129	0,0	129	0,0	129	0,0	129	0,0	129	0,0	129	NaN	129	1,6	
130	4,1E+2	130	7,7E+7	130	0,0	130	0,1	130	0,2	130	0,8	130	1,8	130	0,6	130	0,8	130	0,2	130	0,1	130	0,0	130	0,1	130	0,2	130	0,0	130	0,0	130	0,0	130	0,3	130	0,1	130	0,1	130	0,0	130	0,0	130	0,0	130	0,0	130	0,0	130	0,0	130	0,0	130	0,0	130	NaN	130	2,0	
131	4,3E+2	131	7,5E+7	131	0,0	131	0,1	131	0,2	131	0,8	131	1,7	131	0,8	131	0,9	131	0,2	131	0,1	131	0,1	131	0,2	131	0,2	131	0,0	131	0,0	131	0,0	131	0,3	131	0,1	131	0,1	131	0,0	131	0,0	131	0,0	131	0,0	131	0,0	131	0,0	131	0,0	131	0,0	131	NaN	131	1,5	
132	4,2E+2	132	7,5E+7	132	0,0	132	0,1	132	0,2	132	0,8	132	1,5	132	0,6	132	1,0	132	0,3	132	0,2	132	0,0	132	0,1	132	0,2	132	0,0	132	0,0	132	0,0	132	0,3	132	0,1	132	0,1	132	0,0	132	0,0	132	0,0	132	0,0	132	0,0	132	0,0	132	0,0	132	0,0	132	NaN	132	1,9	
133	4,3E+2	133	7,4E+7	133	0,0	133	0,1	133	0,2	133	0,8	133	1,9	133	0,6	133	0,9	133	0,2	133	0,1	133	0,0	133	0,1	133	0,1	133	0,0	133	0,0	133	0,0	133	0,4	133	0,1	133	0,1	133	0,0	133	0,0	133	0,0	133	0,0	133	0,0	133	0,0	133	0,0	133	0,0	133	NaN	133	1,7	
134	4,2E+2	134	7,5E+7	134	0,0	134	0,1	134	0,2	134	0,8	134	1,6	134	0,7	134	0,8	134	0,3	134	0,1	134	0,0	134	0,0	134	0,3	134	0,0	134	0,0	134	0,0	134	0,3	134	0,1	134	0,1	134	0,0	134	0,0	134	0,0	134	0,0	134	0,0	134	0,0	134	0,0	134	0,0	134	NaN	134	1,6	
135	4,1E+2	135	7,8E+7	135	0,0	135	0,1	135	0,2	135	0,8	135	1,6	135	0,6	135	0,8	135	0,2	135	0,2	135	0,0	135	0,1	135	0,2	135	0,0	135	0,0	135	0,0	135	0,3	135	0,1	135	0,1	135	0,0	135	0,0	135	0,0	135	0,0	135	0,0	135	0,0	135	0,0	135	0,0	135	Inf	135	1,7	
136	4,1E+2	136	7,7E+7	136	0,0	136	0,1	136	0,2	136	0,8	136	1,3	136	0,5	136	0,9	136	0,2	136	0,1	136	0,0	136	0,0	136	0,2	136	0,0	136	0,0	136	0,0	136	0,3	136	0,1	136	0,1	136	0,0	136	0,0	136	0,0	136	0,0	136	0,0	136	0,0	136	0,0	136	0,0	136	NaN	136	1,5	
137	4,3E+2	137	7,5E+7	137	0,0	137	0,1	137	0,2	137	0,8	137	1,4	137	0,6	137	0,5	137	0,2	137	0,1	137	0,0	137	0,1	137	0,2	137	0,0	137	0,0	137	0,0	137	0,2	137	0,1	137	0,1	137	0,0	137	0,0	137	0,0	137	0,0	137	0,0	137	0,0	137	0,0	137	0,0	137	NaN	137	1,8	
138	4,2E+2	138	7,6E+7	138	0,0	138	0,1	138	0,2	138	0,8	138	1,3	138	0,9	138	1,2	138	0,1	138	0,1	138	0,0	138	0,1	138	0,2	138	0,0	138	0,0	138	0,0	138	0,3	138	0,1	138	0,1	138	0,0	138	0,0	138	0,0	138	0,0	138	0,0	138	0,0	138	0,0	138	0,0	138	NaN	138	1,4	
139	4,2E+2	139	7,6E+7	139	0,0	139	0,1	139	0,2	139	0,8	139	1,4	139	0,8	139	1,6	139	0,2	139	0,1	139	0,0	139	0,0	139	0,2	139	0,0	139	0,0	139	0,0	139	0,3	139	0,0	139	0,1	139	0,0	139	0,0	139	0,0	139	0,0	139	0,0	139	0,0	139	0,0	139	0,0	139	NaN	139	1,3	
140	4,3E+2	140	7,3E+7	140	0,0	140	0,1	140	0,2	140	0,8	140	1,2	140	1,0	140	1,6	140	0,3	140	0,1	140	0,0	140	0,1	140	0,2	140	0,0	140	0,0	140	0,0	140	0,3	140	0,0	140	0,1	140	0,0	140	0,0	140	0,0	140	0,0	140	0,0	140	0,0	140	0,0	140	0,0	140	NaN	140	1,6	
141	4,2E+2	141	7,6E+7	141	0,0	141	0,1	141	0,2	141	0,8	141	1,3	141	0,5	141	0,8	141	0,2	141	0,1	141	0,0	141	0,1	141	0,2	141	0,0	141	0,0	141	0,0	141	0,3	141	0,1	141	0,1	141	0,0	141	0,0	141	0,0	141	0,0	141	0,0	141	0,0	141	0,0	141	0,0	141	NaN	141	1,3	
142	4,2E+2	142	7,6E+7	142	0,0	142	0,1	142	0,2	142	0,8	142	1,4	142	0,3	142	0,8	142	0,2	142	0,1	142	0,0	142	0,1	142	0,2	142	0,0	142	0,0	142	0,0	142	0,3	142	0,1	142	0,2	142	0,0	142	0,0	142	0,0	142	0,0	142	0,0	142	0,0	142	0,0	142	0,0	142	NaN	142	1,3	
143	4,1E+2	143	7,8E+7	143	0,0	143	0,1	143	0,2	143	0,8	143	1,4	143	0,7	143	1,4	143	0,2	143	0,1	143	0,0	143	0,1	143	0,2	143	0,0	143	0,0	143	0,0	143	0,2	143	0,1	143	0,1	143	0,0	143	0,0	143	0,0	143	0,0	143	0,0	143	0,0	143	0,0	143	0,0	143	NaN	143	1,1	
144	4,2E+2	144	7,5E+7	144	0,0	144	0,1	144	0,2	144	0,8	144	1,4	144	1,2	144	1,9	144	0,4	144	0,1	144	0,0	144	0,2	144	0,1	144	0,0	144	0,0	144	0,0	144	0,1	144	0,1	144	0,1	144	0,0	144	0,0	144	0,0	144	0,0	144	0,0	144	0,0	144	0,0	144	0,0	144	NaN	144	1,5	
145	4,2E+2	145	7,4E+7	145	0,0	145	0,1	145	0,2	145	0,8	145	1,1	145	1,2	145	1,9	145	0,2	145	0,1	145	0,0	145	0,1	145	0,2	145	0,0	145	0,0	145	0,0	145	0,3	145	0,1	145	0,1	145	0,0	145	0,0	145	0,0	145	0,0	145	0,0	145	0,0	145	0,0	145	0,0	145	NaN	145	1,4	
146	4,3E+2	146	7,5E+7	146	0,0	146	0,1	146	0,2	146	0,8	146	1,1	146	1,1	146	1,9	146	0,2	146	0,1	146	0,0	146	0,1	146	0,1	146	0,0	146	0,0	146	0,0	146	0,2	146	0,1	146	0,2	146	0,0	146	0,0	146	0,0	146	0,0	146	0,0	146	0,0	146	0,0	146	0,0	146	NaN	146	1,2	
147	4,1E+2	147	7,5E+7	147	0,0	147	0,1	147	0,2	147	0,8	147	1,7	147	1,1	147	2,0	147	0,2	147	0,1	147	0,0	147	0,1	147	0,1	147	0,0	147	0,0	147	0,0	147	0,3	147	0,0	147	0,2	147	0,0	147	0,0	147	0,0	147	0,0	147	0,0	147	0,0	147	0,0	147	0,0	147	NaN	147	1,3	
