Cycle - m/z 18.00 ch0	Amplitude - m/z 18.00 ch0	Cycle - m/z 21.00 ch1	Amplitude - m/z 21.00 ch1	Cycle - m/z 25.00 ch2	Amplitude - m/z 25.00 ch2	Cycle - m/z 30.00 ch3	Amplitude - m/z 30.00 ch3	Cycle - m/z 32.00 ch4	Amplitude - m/z 32.00 ch4	Cycle - m/z 37.00 ch5	Amplitude - m/z 37.00 ch5	Cycle - m/z 59.00 ch6	Amplitude - m/z 59.00 ch6	Cycle - m/z 107.00 ch7	Amplitude - m/z 107.00 ch7	Cycle - m/z 137.00 ch8	Amplitude - m/z 137.00 ch8	Cycle - m/z 121.00 ch9	Amplitude - m/z 121.00 ch9	Cycle - m/z 123.00 ch10	Amplitude - m/z 123.00 ch10	Cycle - m/z 151.00 ch11	Amplitude - m/z 151.00 ch11	Cycle - m/z 153.00 ch12	Amplitude - m/z 153.00 ch12	Cycle - m/z 165.00 ch13	Amplitude - m/z 165.00 ch13	Cycle - m/z 213.00 ch14	Amplitude - m/z 213.00 ch14	Cycle - m/z 229.00 ch15	Amplitude - m/z 229.00 ch15	Cycle - m/z 271.00 ch16	Amplitude - m/z 271.00 ch16	Cycle - m/z 109.00 ch17	Amplitude - m/z 109.00 ch17	Cycle - m/z 131.00 ch18	Amplitude - m/z 131.00 ch18	Cycle - m/z 138.00 ch19	Amplitude - m/z 138.00 ch19	Cycle - m/z 167.00 ch20	Amplitude - m/z 167.00 ch20	Cycle - m/z 179.00 ch21	Amplitude - m/z 179.00 ch21	Cycle - m/z 181.00 ch22	Amplitude - m/z 181.00 ch22	Cycle - m/z 193.00 ch23	Amplitude - m/z 193.00 ch23	Cycle - m/z 205.00 ch24	Amplitude - m/z 205.00 ch24	Cycle - m/z 285.00 ch25	Amplitude - m/z 285.00 ch25	Cycle - m/z 295.00 ch26	Amplitude - m/z 295.00 ch26	Cycle - m/z 299.00 ch27	Amplitude - m/z 299.00 ch27	Cycle - m/z 327.00 ch28	Amplitude - m/z 327.00 ch28	Cycle - m/z 59.00 ch29	Amplitude - m/z 59.00 ch29	
0	2,0E+3	0	6,4E+7	0	0,0	0	0,1	0	0,2	0	1,2	0	2,5	0	0,4	0	0,2	0	0,2	0	0,2	0	0,1	0	0,1	0	0,1	0	0,0	0	0,0	0	0,0	0	0,4	0	0,1	0	0,0	0	0,0	0	0,0	0	0,0	0	0,0	0	0,0	0	0,0	0	0,0	0	0,0	0	NaN	0	2,7	
1	2,0E+3	1	6,7E+7	1	0,0	1	0,1	1	0,2	1	1,1	1	2,9	1	0,4	1	0,2	1	0,2	1	0,2	1	0,0	1	0,1	1	0,0	1	0,0	1	0,0	1	0,0	1	0,4	1	0,1	1	0,1	1	0,0	1	0,0	1	0,0	1	0,0	1	0,0	1	0,0	1	0,0	1	0,0	1	NaN	1	2,4	
2	1,9E+3	2	6,7E+7	2	0,0	2	0,1	2	0,2	2	1,1	2	2,5	2	0,4	2	0,2	2	0,2	2	0,1	2	0,0	2	0,2	2	0,0	2	0,0	2	0,0	2	0,0	2	0,4	2	0,2	2	0,0	2	0,0	2	0,0	2	0,0	2	0,0	2	0,0	2	0,0	2	0,0	2	0,0	2	NaN	2	2,8	
3	1,9E+3	3	6,7E+7	3	0,0	3	0,1	3	0,2	3	1,1	3	2,4	3	0,4	3	0,2	3	0,2	3	0,2	3	0,1	3	0,2	3	0,0	3	0,0	3	0,0	3	0,0	3	0,5	3	0,1	3	0,0	3	0,0	3	0,0	3	0,0	3	0,0	3	0,0	3	0,0	3	0,0	3	0,0	3	NaN	3	2,5	
4	1,9E+3	4	6,8E+7	4	0,0	4	0,1	4	0,2	4	1,1	4	2,7	4	0,3	4	0,2	4	0,2	4	0,1	4	0,0	4	0,1	4	0,0	4	0,0	4	0,0	4	0,0	4	0,5	4	0,1	4	0,0	4	0,0	4	0,0	4	0,0	4	0,0	4	0,0	4	0,0	4	0,0	4	0,0	4	NaN	4	2,9	
5	1,8E+3	5	6,9E+7	5	0,0	5	0,1	5	0,2	5	1,1	5	3,0	5	0,3	5	0,2	5	0,2	5	0,1	5	0,1	5	0,1	5	0,0	5	0,0	5	0,0	5	0,0	5	0,3	5	0,1	5	0,0	5	0,0	5	0,0	5	0,0	5	0,0	5	0,0	5	0,0	5	0,0	5	0,0	5	NaN	5	9,9	
6	1,9E+3	6	7,0E+7	6	0,0	6	0,1	6	0,2	6	1,5	6	4,1	6	86,6	6	64,3	6	0,5	6	0,2	6	0,1	6	0,7	6	0,3	6	0,0	6	0,0	6	0,0	6	0,8	6	0,1	6	5,2	6	0,1	6	0,0	6	0,1	6	0,0	6	0,0	6	0,0	6	0,0	6	0,0	6	NaN	6	2,8	
7	1,9E+3	7	6,8E+7	7	0,0	7	0,1	7	0,2	7	1,2	7	2,6	7	46,6	7	49,7	7	0,5	7	0,2	7	0,1	7	0,7	7	2,1	7	0,0	7	0,0	7	0,0	7	0,9	7	0,1	7	3,8	7	0,0	7	0,0	7	0,0	7	0,0	7	0,0	7	0,0	7	0,0	7	0,0	7	NaN	7	2,3	
8	1,8E+3	8	6,9E+7	8	0,0	8	0,1	8	0,2	8	1,2	8	3,0	8	40,5	8	43,7	8	0,3	8	0,2	8	0,1	8	0,7	8	3,6	8	0,0	8	0,0	8	0,0	8	0,8	8	0,1	8	3,7	8	0,0	8	0,0	8	0,0	8	0,0	8	0,0	8	0,0	8	0,0	8	0,0	8	NaN	8	2,1	
9	1,8E+3	9	6,9E+7	9	0,0	9	0,1	9	0,2	9	1,2	9	2,7	9	39,0	9	41,1	9	0,4	9	0,3	9	0,1	9	0,7	9	4,5	9	0,0	9	0,0	9	0,0	9	0,8	9	0,1	9	3,7	9	0,1	9	0,0	9	0,0	9	0,0	9	0,0	9	0,0	9	0,0	9	0,0	9	NaN	9	2,4	
10	1,8E+3	10	7,0E+7	10	0,0	10	0,1	10	0,2	10	1,2	10	2,5	10	34,7	10	37,5	10	0,3	10	0,2	10	0,1	10	0,6	10	4,5	10	0,0	10	0,0	10	0,0	10	0,6	10	0,0	10	3,1	10	0,1	10	0,0	10	0,0	10	0,0	10	0,0	10	0,0	10	0,0	10	0,0	10	Inf	10	2,8	
11	1,8E+3	11	6,9E+7	11	0,0	11	0,1	11	0,2	11	1,2	11	2,7	11	34,5	11	37,0	11	0,4	11	0,1	11	0,1	11	0,7	11	4,8	11	0,0	11	0,0	11	0,0	11	0,7	11	0,1	11	2,8	11	0,1	11	0,0	11	0,1	11	0,0	11	0,0	11	0,0	11	0,0	11	0,0	11	NaN	11	2,3	
12	1,7E+3	12	7,1E+7	12	0,0	12	0,1	12	0,2	12	1,1	12	2,3	12	32,8	12	32,8	12	0,2	12	0,2	12	0,1	12	0,5	12	4,9	12	0,0	12	0,0	12	0,0	12	0,7	12	0,1	12	2,7	12	0,1	12	0,0	12	0,0	12	0,0	12	0,0	12	0,0	12	0,0	12	0,0	12	Inf	12	2,3	
13	1,8E+3	13	6,9E+7	13	0,0	13	0,1	13	0,2	13	1,2	13	2,4	13	31,4	13	30,2	13	0,3	13	0,2	13	0,1	13	0,7	13	5,0	13	0,0	13	0,0	13	0,0	13	0,6	13	0,1	13	3,1	13	0,1	13	0,0	13	0,1	13	0,0	13	0,0	13	0,0	13	0,0	13	0,0	13	NaN	13	2,1	
14	1,7E+3	14	7,1E+7	14	0,0	14	0,1	14	0,2	14	1,1	14	2,5	14	29,4	14	29,7	14	0,4	14	0,2	14	0,1	14	0,5	14	5,0	14	0,0	14	0,0	14	0,0	14	0,6	14	0,1	14	2,9	14	0,1	14	0,0	14	0,1	14	0,0	14	0,0	14	0,0	14	0,0	14	0,0	14	NaN	14	2,5	
15	1,7E+3	15	7,0E+7	15	0,0	15	0,1	15	0,2	15	1,1	15	2,9	15	30,1	15	28,0	15	0,4	15	0,2	15	0,1	15	0,7	15	4,7	15	0,0	15	0,0	15	0,0	15	0,4	15	0,1	15	2,7	15	0,1	15	0,0	15	0,0	15	0,0	15	0,0	15	0,0	15	0,0	15	0,0	15	NaN	15	2,6	
16	1,6E+3	16	7,1E+7	16	0,0	16	0,1	16	0,2	16	1,1	16	2,5	16	28,0	16	26,9	16	0,3	16	0,1	16	0,1	16	0,6	16	5,0	16	0,0	16	0,0	16	0,0	16	0,9	16	0,2	16	2,5	16	0,1	16	0,0	16	0,1	16	0,0	16	0,0	16	0,0	16	0,0	16	0,0	16	NaN	16	2,1	
17	1,6E+3	17	7,1E+7	17	0,0	17	0,1	17	0,2	17	1,1	17	2,4	17	27,3	17	25,2	17	0,3	17	0,1	17	0,0	17	0,5	17	5,2	17	0,0	17	0,0	17	0,0	17	0,6	17	0,1	17	2,4	17	0,1	17	0,0	17	0,1	17	0,0	17	0,0	17	0,0	17	0,0	17	0,0	17	NaN	17	2,5	
18	1,6E+3	18	7,0E+7	18	0,0	18	0,1	18	0,2	18	1,1	18	2,9	18	27,1	18	25,8	18	0,4	18	0,2	18	0,1	18	0,7	18	4,6	18	0,0	18	0,0	18	0,0	18	0,6	18	0,1	18	2,6	18	0,0	18	0,0	18	0,1	18	0,0	18	0,0	18	0,0	18	0,0	18	0,0	18	NaN	18	3,0	
19	1,6E+3	19	7,0E+7	19	0,0	19	0,1	19	0,2	19	1,1	19	2,5	19	27,7	19	25,4	19	0,3	19	0,1	19	0,1	19	0,4	19	5,0	19	0,0	19	0,0	19	0,0	19	0,6	19	0,1	19	2,3	19	0,0	19	0,0	19	0,0	19	0,0	19	0,0	19	0,0	19	0,0	19	0,0	19	NaN	19	2,3	
20	1,6E+3	20	6,9E+7	20	0,0	20	0,1	20	0,2	20	1,1	20	2,7	20	25,8	20	24,6	20	0,2	20	0,2	20	0,1	20	0,6	20	5,0	20	0,0	20	0,0	20	0,0	20	0,7	20	0,1	20	2,2	20	0,1	20	0,0	20	0,1	20	0,0	20	0,0	20	0,0	20	0,0	20	0,0	20	NaN	20	3,3	
21	1,6E+3	21	7,1E+7	21	0,0	21	0,1	21	0,2	21	1,1	21	2,6	21	25,1	21	21,9	21	0,3	21	0,1	21	0,1	21	0,4	21	5,1	21	0,0	21	0,0	21	0,0	21	0,7	21	0,1	21	2,0	21	0,1	21	0,0	21	0,0	21	0,0	21	0,0	21	0,0	21	0,0	21	0,0	21	NaN	21	2,6	
22	1,6E+3	22	6,8E+7	22	0,0	22	0,1	22	0,2	22	1,1	22	2,5	22	25,3	22	22,4	22	0,3	22	0,1	22	0,1	22	0,5	22	4,3	22	0,0	22	0,0	22	0,0	22	0,4	22	0,0	22	2,0	22	0,0	22	0,0	22	0,1	22	0,0	22	0,0	22	0,0	22	0,0	22	0,0	22	NaN	22	2,8	
23	1,5E+3	23	7,2E+7	23	0,0	23	0,1	23	0,2	23	1,1	23	2,5	23	25,0	23	21,5	23	0,3	23	0,1	23	0,1	23	0,5	23	4,3	23	0,0	23	0,0	23	0,0	23	0,4	23	0,1	23	1,8	23	0,1	23	0,0	23	0,1	23	0,0	23	0,0	23	0,0	23	0,0	23	0,0	23	NaN	23	2,0	
24	1,5E+3	24	7,1E+7	24	0,0	24	0,1	24	0,2	24	1,1	24	2,2	24	25,2	24	20,9	24	0,3	24	0,1	24	0,1	24	0,5	24	4,5	24	0,0	24	0,0	24	0,0	24	0,6	24	0,1	24	1,8	24	0,1	24	0,0	24	0,1	24	0,0	24	0,0	24	0,0	24	0,0	24	0,0	24	NaN	24	2,5	
25	1,5E+3	25	7,2E+7	25	0,0	25	0,1	25	0,2	25	1,1	25	2,7	25	23,2	25	20,8	25	0,3	25	0,1	25	0,1	25	0,4	25	4,6	25	0,0	25	0,0	25	0,0	25	0,6	25	0,1	25	1,5	25	0,1	25	0,0	25	0,0	25	0,0	25	0,0	25	0,0	25	0,0	25	0,0	25	NaN	25	2,2	
26	1,5E+3	26	7,1E+7	26	0,0	26	0,1	26	0,2	26	1,1	26	2,5	26	23,3	26	20,5	26	0,4	26	0,1	26	0,1	26	0,4	26	4,7	26	0,0	26	0,0	26	0,0	26	0,4	26	0,1	26	1,8	26	0,0	26	0,0	26	0,1	26	0,0	26	0,0	26	0,0	26	0,0	26	0,0	26	NaN	26	2,7	
27	1,5E+3	27	7,3E+7	27	0,0	27	0,1	27	0,2	27	1,1	27	2,4	27	23,1	27	20,4	27	0,3	27	0,1	27	0,0	27	0,4	27	4,8	27	0,0	27	0,0	27	0,0	27	0,6	27	0,1	27	2,2	27	0,0	27	0,0	27	0,1	27	0,0	27	0,0	27	0,0	27	0,0	27	0,0	27	NaN	27	2,5	
28	1,4E+3	28	7,5E+7	28	0,0	28	0,1	28	0,2	28	1,9	28	11,8	28	21,9	28	1,3E+2	28	1,7	28	0,4	28	0,1	28	0,7	28	4,8	28	0,0	28	0,0	28	0,0	28	0,8	28	0,1	28	10,8	28	0,1	28	0,0	28	0,1	28	0,0	28	0,0	28	0,0	28	0,0	28	0,0	28	NaN	28	3,2	
29	1,5E+3	29	7,1E+7	29	0,0	29	0,1	29	0,2	29	1,2	29	3,0	29	5,3	29	45,7	29	0,4	29	0,2	29	0,0	29	0,3	29	4,8	29	0,0	29	0,0	29	0,0	29	0,5	29	0,1	29	3,7	29	0,1	29	0,0	29	0,1	29	0,0	29	0,0	29	0,0	29	0,0	29	0,0	29	NaN	29	2,7	
30	1,4E+3	30	7,3E+7	30	0,0	30	0,1	30	0,2	30	1,1	30	2,7	30	4,1	30	41,0	30	0,4	30	0,2	30	0,1	30	0,3	30	4,8	30	0,0	30	0,0	30	0,0	30	0,6	30	0,1	30	3,6	30	0,1	30	0,0	30	0,0	30	0,0	30	0,0	30	0,0	30	0,0	30	0,0	30	NaN	30	2,5	
31	1,4E+3	31	7,2E+7	31	0,0	31	0,1	31	0,2	31	1,1	31	2,6	31	3,8	31	39,9	31	0,5	31	0,2	31	0,1	31	0,3	31	3,8	31	0,0	31	0,0	31	0,0	31	0,6	31	0,1	31	3,7	31	0,1	31	0,0	31	0,0	31	0,0	31	0,0	31	0,0	31	0,0	31	0,0	31	NaN	31	2,7	
32	1,4E+3	32	7,2E+7	32	0,0	32	0,1	32	0,2	32	1,1	32	2,6	32	4,3	32	39,2	32	0,5	32	0,2	32	0,1	32	0,2	32	4,4	32	0,0	32	0,0	32	0,0	32	0,6	32	0,1	32	3,4	32	0,1	32	0,1	32	0,0	32	0,0	32	0,0	32	0,0	32	0,0	32	0,0	32	NaN	32	2,3	
33	1,4E+3	33	7,0E+7	33	0,0	33	0,1	33	0,2	33	1,1	33	2,5	33	4,2	33	39,8	33	0,5	33	0,2	33	0,1	33	0,2	33	4,0	33	0,0	33	0,0	33	0,0	33	0,5	33	0,1	33	3,5	33	0,2	33	0,1	33	0,1	33	0,0	33	0,0	33	0,0	33	0,0	33	0,0	33	NaN	33	2,0	
34	1,3E+3	34	7,4E+7	34	0,0	34	0,1	34	0,2	34	1,1	34	2,6	34	3,8	34	35,4	34	0,7	34	0,2	34	0,1	34	0,3	34	3,9	34	0,0	34	0,0	34	0,0	34	0,5	34	0,1	34	3,2	34	0,1	34	0,0	34	0,1	34	0,0	34	0,0	34	0,0	34	0,0	34	0,0	34	NaN	34	2,5	
35	1,3E+3	35	7,3E+7	35	0,0	35	0,1	35	0,2	35	1,1	35	2,2	35	3,7	35	33,9	35	0,4	35	0,2	35	0,1	35	0,3	35	4,0	35	0,0	35	0,0	35	0,0	35	0,4	35	0,1	35	2,9	35	0,1	35	0,0	35	0,1	35	0,0	35	0,0	35	0,0	35	0,0	35	0,0	35	NaN	35	2,5	
36	1,3E+3	36	7,3E+7	36	0,0	36	0,1	36	0,2	36	1,1	36	2,4	36	3,5	36	34,3	36	0,5	36	0,3	36	0,1	36	0,2	36	4,0	36	0,0	36	0,0	36	0,0	36	0,4	36	0,1	36	3,4	36	0,1	36	0,0	36	0,1	36	0,0	36	0,0	36	0,0	36	0,0	36	0,0	36	NaN	36	2,4	
37	1,4E+3	37	7,1E+7	37	0,0	37	0,1	37	0,2	37	1,1	37	2,3	37	4,3	37	34,2	37	0,5	37	0,2	37	0,1	37	0,1	37	5,0	37	0,0	37	0,0	37	0,0	37	0,6	37	0,1	37	2,7	37	0,1	37	0,0	37	0,1	37	0,0	37	0,0	37	0,0	37	0,0	37	0,0	37	NaN	37	2,4	
38	1,3E+3	38	7,5E+7	38	0,0	38	0,1	38	0,2	38	1,1	38	2,4	38	3,9	38	32,3	38	0,5	38	0,2	38	0,1	38	0,2	38	4,2	38	0,0	38	0,0	38	0,0	38	0,5	38	0,1	38	2,8	38	0,1	38	0,0	38	0,1	38	0,0	38	0,0	38	0,0	38	0,0	38	0,0	38	NaN	38	3,0	
39	1,2E+3	39	7,6E+7	39	0,0	39	0,1	39	0,2	39	1,0	39	2,5	39	3,4	39	30,4	39	0,5	39	0,1	39	0,1	39	0,2	39	4,2	39	0,0	39	0,0	39	0,0	39	0,6	39	0,1	39	2,4	39	0,1	39	0,1	39	0,1	39	0,0	39	0,0	39	0,0	39	0,0	39	0,0	39	NaN	39	1,9	
40	1,3E+3	40	7,2E+7	40	0,0	40	0,1	40	0,2	40	1,1	40	2,5	40	3,6	40	31,4	40	0,4	40	0,2	40	0,1	40	0,1	40	4,4	40	0,0	40	0,0	40	0,0	40	0,5	40	0,0	40	2,7	40	0,1	40	0,0	40	0,1	40	0,0	40	0,0	40	0,0	40	0,0	40	0,0	40	NaN	40	2,5	
41	1,3E+3	41	7,2E+7	41	0,0	41	0,1	41	0,2	41	1,1	41	2,4	41	3,5	41	29,5	41	0,4	41	0,1	41	0,1	41	0,2	41	4,5	41	0,0	41	0,0	41	0,0	41	0,7	41	0,2	41	2,6	41	0,1	41	0,0	41	0,0	41	0,0	41	0,0	41	0,0	41	0,0	41	0,0	41	NaN	41	2,3	
42	1,2E+3	42	7,4E+7	42	0,0	42	0,1	42	0,2	42	1,0	42	2,3	42	3,1	42	29,1	42	0,5	42	0,2	42	0,1	42	0,2	42	4,4	42	0,0	42	0,0	42	0,0	42	0,4	42	0,2	42	2,6	42	0,0	42	0,1	42	0,1	42	0,0	42	0,0	42	0,0	42	0,0	42	0,0	42	NaN	42	2,5	
43	1,2E+3	43	7,3E+7	43	0,0	43	0,1	43	0,2	43	1,1	43	2,3	43	3,4	43	28,8	43	0,6	43	0,2	43	0,1	43	0,3	43	4,2	43	0,0	43	0,0	43	0,0	43	0,6	43	0,1	43	2,4	43	0,1	43	0,0	43	0,1	43	0,0	43	0,0	43	0,0	43	0,0	43	0,0	43	NaN	43	2,6	
44	1,2E+3	44	7,3E+7	44	0,0	44	0,1	44	0,2	44	1,1	44	2,3	44	3,9	44	28,0	44	0,5	44	0,2	44	0,1	44	0,3	44	4,7	44	0,0	44	0,0	44	0,0	44	0,5	44	0,0	44	2,7	44	0,1	44	0,0	44	0,0	44	0,0	44	0,0	44	0,0	44	0,0	44	0,0	44	NaN	44	2,4	
45	1,2E+3	45	7,4E+7	45	0,0	45	0,1	45	0,2	45	1,0	45	2,7	45	3,4	45	26,7	45	0,5	45	0,2	45	0,0	45	0,3	45	4,6	45	0,0	45	0,0	45	0,0	45	0,4	45	0,1	45	2,0	45	0,0	45	0,0	45	0,1	45	0,0	45	0,0	45	0,0	45	0,0	45	0,0	45	Inf	45	2,1	
46	1,2E+3	46	7,5E+7	46	0,0	46	0,1	46	0,2	46	1,0	46	2,0	46	3,9	46	25,7	46	0,4	46	0,2	46	0,1	46	0,2	46	4,7	46	0,0	46	0,0	46	0,0	46	0,5	46	0,1	46	2,3	46	0,2	46	0,0	46	0,1	46	0,0	46	0,0	46	0,0	46	0,0	46	0,0	46	NaN	46	2,6	
47	1,2E+3	47	7,5E+7	47	0,0	47	0,1	47	0,2	47	1,0	47	2,2	47	3,4	47	25,5	47	0,5	47	0,2	47	0,1	47	0,2	47	4,2	47	0,0	47	0,0	47	0,0	47	0,5	47	0,1	47	2,1	47	0,0	47	0,0	47	0,0	47	0,0	47	0,0	47	0,0	47	0,0	47	0,0	47	NaN	47	2,4	
48	1,2E+3	48	7,3E+7	48	0,0	48	0,1	48	0,2	48	1,1	48	2,4	48	4,0	48	26,0	48	0,5	48	0,2	48	0,0	48	0,2	48	4,4	48	0,0	48	0,0	48	0,0	48	0,4	48	0,1	48	2,2	48	0,1	48	0,0	48	0,0	48	0,0	48	0,0	48	0,0	48	0,0	48	0,0	48	Inf	48	2,5	
49	1,2E+3	49	7,3E+7	49	0,0	49	0,1	49	0,2	49	1,1	49	2,3	49	3,7	49	24,7	49	0,4	49	0,1	49	0,1	49	0,3	49	4,4	49	0,0	49	0,0	49	0,0	49	0,6	49	0,1	49	4,6	49	0,1	49	0,0	49	0,1	49	0,0	49	0,0	49	0,0	49	0,0	49	0,0	49	NaN	49	2,6	
50	1,1E+3	50	7,4E+7	50	0,0	50	0,1	50	0,2	50	1,6	50	8,7	50	4,1	50	20,3	50	0,6	50	0,3	50	0,1	50	0,3	50	5,4	50	0,0	50	0,0	50	0,0	50	1,0	50	0,0	50	12,7	50	0,1	50	0,0	50	0,1	50	0,0	50	0,0	50	0,0	50	0,0	50	0,0	50	NaN	50	4,9	
51	1,1E+3	51	7,5E+7	51	0,0	51	0,1	51	0,2	51	1,4	51	2,9	51	10,5	51	1,1E+2	51	0,6	51	0,3	51	0,1	51	0,3	51	4,9	51	0,0	51	0,0	51	0,0	51	0,5	51	0,1	51	9,0	51	0,0	51	0,1	51	0,0	51	0,0	51	0,0	51	0,0	51	0,0	51	0,0	51	NaN	51	2,6	
52	1,1E+3	52	7,4E+7	52	0,0	52	0,1	52	0,2	52	1,2	52	2,8	52	9,6	52	1,0E+2	52	0,6	52	0,4	52	0,1	52	0,4	52	7,0	52	0,0	52	0,0	52	0,0	52	0,7	52	0,1	52	8,8	52	0,1	52	0,1	52	0,0	52	0,0	52	0,0	52	0,0	52	0,0	52	0,0	52	NaN	52	3,0	
53	1,1E+3	53	7,4E+7	53	0,0	53	0,1	53	0,2	53	1,2	53	2,4	53	9,8	53	96,9	53	0,6	53	0,1	53	0,1	53	0,4	53	7,9	53	0,0	53	0,0	53	0,0	53	0,6	53	0,1	53	7,7	53	0,1	53	0,0	53	0,1	53	0,0	53	0,0	53	0,0	53	0,0	53	0,0	53	NaN	53	2,4	
54	1,1E+3	54	7,6E+7	54	0,0	54	0,1	54	0,2	54	1,1	54	2,8	54	9,1	54	90,5	54	0,6	54	0,2	54	0,1	54	0,3	54	8,9	54	0,0	54	0,0	54	0,0	54	0,6	54	0,1	54	7,8	54	0,2	54	0,1	54	0,1	54	0,0	54	0,0	54	0,0	54	0,0	54	0,0	54	NaN	54	2,5	
55	1,1E+3	55	7,6E+7	55	0,0	55	0,1	55	0,2	55	1,1	55	2,3	55	9,1	55	87,7	55	0,6	55	0,4	55	0,1	55	0,4	55	9,5	55	0,0	55	0,0	55	0,0	55	0,4	55	0,1	55	7,7	55	0,2	55	0,0	55	0,1	55	0,0	55	0,0	55	0,0	55	0,0	55	0,0	55	NaN	55	2,2	
56	1,1E+3	56	7,6E+7	56	0,0	56	0,1	56	0,2	56	1,1	56	2,3	56	9,2	56	83,6	56	0,5	56	0,2	56	0,2	56	0,4	56	9,7	56	0,0	56	0,0	56	0,0	56	0,6	56	0,1	56	7,4	56	0,2	56	0,0	56	0,1	56	0,0	56	0,0	56	0,0	56	0,0	56	0,0	56	NaN	56	2,5	
57	1,1E+3	57	7,3E+7	57	0,0	57	0,1	57	0,2	57	1,1	57	2,4	57	9,2	57	82,2	57	0,6	57	0,2	57	0,2	57	0,3	57	10,7	57	0,0	57	0,0	57	0,0	57	0,6	57	0,1	57	7,0	57	0,1	57	0,1	57	0,1	57	0,0	57	0,0	57	0,0	57	0,0	57	0,0	57	NaN	57	2,2	
58	1,0E+3	58	7,7E+7	58	0,0	58	0,1	58	0,2	58	1,1	58	2,6	58	9,0	58	77,9	58	0,6	58	0,2	58	0,1	58	0,3	58	9,9	58	0,0	58	0,0	58	0,0	58	0,8	58	0,1	58	6,3	58	0,2	58	0,0	58	0,1	58	0,0	58	0,0	58	0,0	58	0,0	58	0,0	58	NaN	58	2,4	
59	1,1E+3	59	7,3E+7	59	0,0	59	0,1	59	0,2	59	1,1	59	2,6	59	9,9	59	76,9	59	0,5	59	0,3	59	0,2	59	0,2	59	10,9	59	0,0	59	0,0	59	0,0	59	0,6	59	0,1	59	6,6	59	0,2	59	0,0	59	0,1	59	0,0	59	0,0	59	0,0	59	0,0	59	0,0	59	NaN	59	2,2	
60	1,0E+3	60	7,5E+7	60	0,0	60	0,1	60	0,2	60	1,1	60	2,6	60	8,2	60	72,6	60	0,7	60	0,2	60	0,2	60	0,3	60	10,8	60	0,0	60	0,0	60	0,0	60	0,7	60	0,1	60	6,3	60	0,2	60	0,1	60	0,1	60	0,0	60	0,0	60	0,0	60	0,0	60	0,0	60	NaN	60	2,6	
61	1,0E+3	61	7,4E+7	61	0,0	61	0,1	61	0,2	61	1,1	61	2,6	61	8,7	61	70,9	61	0,4	61	0,3	61	0,1	61	0,4	61	10,5	61	0,0	61	0,0	61	0,0	61	0,5	61	0,1	61	6,1	61	0,2	61	0,1	61	0,1	61	0,0	61	0,0	61	0,0	61	0,0	61	0,0	61	NaN	61	2,1	
62	1,0E+3	62	7,3E+7	62	0,0	62	0,1	62	0,2	62	1,1	62	2,5	62	8,9	62	68,7	62	0,6	62	0,3	62	0,1	62	0,3	62	10,8	62	0,0	62	0,0	62	0,0	62	0,6	62	0,0	62	6,0	62	0,1	62	0,0	62	0,1	62	0,0	62	0,0	62	0,0	62	0,0	62	0,0	62	NaN	62	2,0	
63	1,0E+3	63	7,5E+7	63	0,0	63	0,1	63	0,2	63	1,1	63	2,7	63	8,7	63	65,9	63	0,6	63	0,2	63	0,2	63	0,3	63	11,3	63	0,0	63	0,0	63	0,0	63	0,6	63	0,1	63	5,6	63	0,2	63	0,1	63	0,1	63	0,0	63	0,0	63	0,0	63	0,0	63	0,0	63	NaN	63	2,3	
64	1,0E+3	64	7,3E+7	64	0,0	64	0,1	64	0,2	64	1,1	64	2,7	64	8,9	64	64,6	64	0,6	64	0,3	64	0,2	64	0,3	64	10,7	64	0,0	64	0,0	64	0,0	64	0,6	64	0,1	64	5,9	64	0,3	64	0,0	64	0,1	64	0,0	64	0,0	64	0,0	64	0,0	64	0,0	64	NaN	64	2,3	
65	9,9E+2	65	7,6E+7	65	0,0	65	0,1	65	0,2	65	1,1	65	2,3	65	8,4	65	62,6	65	0,5	65	0,3	65	0,2	65	0,3	65	10,9	65	0,0	65	0,0	65	0,0	65	0,6	65	0,0	65	5,3	65	0,1	65	0,0	65	0,2	65	0,0	65	0,0	65	0,0	65	0,0	65	0,0	65	Inf	65	2,0	
66	1,0E+3	66	7,4E+7	66	0,0	66	0,1	66	0,2	66	1,1	66	2,4	66	9,0	66	60,4	66	0,5	66	0,2	66	0,1	66	0,4	66	11,1	66	0,0	66	0,0	66	0,0	66	0,6	66	0,1	66	5,6	66	0,2	66	0,0	66	0,1	66	0,0	66	0,0	66	0,0	66	0,0	66	0,0	66	NaN	66	2,3	
67	9,8E+2	67	7,5E+7	67	0,0	67	0,1	67	0,2	67	1,1	67	2,3	67	8,7	67	58,0	67	0,6	67	0,3	67	0,2	67	0,2	67	10,6	67	0,0	67	0,0	67	0,0	67	0,5	67	0,1	67	5,2	67	0,1	67	0,0	67	0,1	67	0,0	67	0,0	67	0,0	67	0,0	67	0,0	67	NaN	67	2,8	
68	9,8E+2	68	7,4E+7	68	0,0	68	0,1	68	0,2	68	1,1	68	2,3	68	9,1	68	57,8	68	0,6	68	0,2	68	0,1	68	0,3	68	10,6	68	0,0	68	0,0	68	0,0	68	0,7	68	0,1	68	5,3	68	0,2	68	0,0	68	0,1	68	0,0	68	0,0	68	0,0	68	0,0	68	0,0	68	NaN	68	2,4	
69	9,7E+2	69	7,4E+7	69	0,0	69	0,1	69	0,2	69	1,1	69	2,3	69	8,3	69	58,0	69	0,6	69	0,2	69	0,1	69	0,2	69	11,0	69	0,0	69	0,0	69	0,0	69	0,7	69	0,0	69	5,0	69	0,1	69	0,0	69	0,1	69	0,0	69	0,0	69	0,0	69	0,0	69	0,0	69	NaN	69	1,9	
70	9,7E+2	70	7,4E+7	70	0,0	70	0,1	70	0,2	70	1,1	70	2,2	70	9,5	70	55,7	70	0,6	70	0,3	70	0,1	70	0,3	70	10,9	70	0,0	70	0,0	70	0,0	70	0,6	70	0,1	70	4,7	70	0,1	70	0,0	70	0,1	70	0,0	70	0,0	70	0,0	70	0,0	70	0,0	70	NaN	70	2,1	
71	9,5E+2	71	7,5E+7	71	0,0	71	0,1	71	0,2	71	1,1	71	2,4	71	8,6	71	51,1	71	0,7	71	0,2	71	0,2	71	0,3	71	10,9	71	0,0	71	0,0	71	0,0	71	0,6	71	0,0	71	3,8	71	0,1	71	0,1	71	0,1	71	0,0	71	0,0	71	0,0	71	0,0	71	0,0	71	NaN	71	6,2	
72	9,5E+2	72	7,6E+7	72	0,0	72	0,1	72	0,2	72	2,0	72	11,3	72	15,2	72	1,2E+2	72	0,9	72	0,3	72	0,1	72	0,6	72	10,1	72	0,0	72	0,0	72	0,0	72	0,8	72	0,1	72	6,1	72	0,1	72	0,1	72	0,2	72	0,0	72	0,0	72	0,0	72	0,0	72	0,0	72	NaN	72	2,9	
73	9,2E+2	73	7,5E+7	73	0,0	73	0,1	73	0,2	73	1,1	73	2,4	73	4,4	73	48,3	73	0,5	73	0,2	73	0,1	73	0,5	73	7,0	73	0,0	73	0,0	73	0,0	73	0,5	73	0,1	73	3,7	73	0,1	73	0,1	73	0,1	73	0,0	73	0,0	73	0,0	73	0,0	73	0,0	73	NaN	73	2,3	
74	9,0E+2	74	7,7E+7	74	0,0	74	0,1	74	0,2	74	1,0	74	2,3	74	3,5	74	39,3	74	0,4	74	0,2	74	0,1	74	0,3	74	5,1	74	0,0	74	0,0	74	0,0	74	0,6	74	0,1	74	3,5	74	0,1	74	0,0	74	0,1	74	0,0	74	0,0	74	0,0	74	0,0	74	0,0	74	NaN	74	2,5	
75	9,2E+2	75	7,4E+7	75	0,0	75	0,1	75	0,2	75	1,0	75	2,3	75	3,6	75	37,1	75	0,5	75	0,2	75	0,1	75	0,4	75	4,0	75	0,0	75	0,0	75	0,0	75	0,5	75	0,1	75	3,4	75	0,1	75	0,1	75	0,1	75	0,0	75	0,0	75	0,0	75	0,0	75	0,0	75	NaN	75	2,4	
76	9,0E+2	76	7,5E+7	76	0,0	76	0,1	76	0,2	76	1,0	76	1,9	76	3,5	76	35,3	76	0,3	76	0,1	76	0,1	76	0,4	76	3,6	76	0,0	76	0,0	76	0,0	76	0,7	76	0,1	76	3,0	76	0,1	76	0,1	76	0,1	76	0,0	76	0,0	76	0,0	76	0,0	76	0,0	76	NaN	76	2,7	
77	8,9E+2	77	7,5E+7	77	0,0	77	0,1	77	0,2	77	1,0	77	2,0	77	2,8	77	31,6	77	0,4	77	0,1	77	0,1	77	0,3	77	3,1	77	0,0	77	0,0	77	0,0	77	0,6	77	0,1	77	2,4	77	0,1	77	0,0	77	0,0	77	0,0	77	0,0	77	0,0	77	0,0	77	0,0	77	NaN	77	2,1	
78	9,0E+2	78	7,4E+7	78	0,0	78	0,1	78	0,2	78	1,0	78	2,3	78	2,7	78	32,2	78	0,4	78	0,1	78	0,1	78	0,2	78	2,9	78	0,0	78	0,0	78	0,0	78	0,6	78	0,1	78	2,9	78	0,1	78	0,1	78	0,1	78	0,0	78	0,0	78	0,0	78	0,0	78	0,0	78	NaN	78	2,2	
79	8,6E+2	79	7,7E+7	79	0,0	79	0,1	79	0,2	79	1,0	79	2,1	79	2,7	79	30,3	79	0,3	79	0,2	79	0,1	79	0,2	79	2,8	79	0,0	79	0,0	79	0,0	79	0,6	79	0,1	79	2,2	79	0,1	79	0,0	79	0,1	79	0,0	79	0,0	79	0,0	79	0,0	79	0,0	79	NaN	79	2,1	
80	8,8E+2	80	7,5E+7	80	0,0	80	0,1	80	0,2	80	1,0	80	2,4	80	3,1	80	30,4	80	0,5	80	0,3	80	0,1	80	0,3	80	2,9	80	0,0	80	0,0	80	0,0	80	0,8	80	0,0	80	2,5	80	0,1	80	0,0	80	0,1	80	0,0	80	0,0	80	0,0	80	0,0	80	0,0	80	NaN	80	2,4	
81	8,8E+2	81	7,4E+7	81	0,0	81	0,1	81	0,2	81	1,0	81	2,8	81	2,7	81	29,7	81	0,5	81	0,2	81	0,1	81	0,2	81	3,2	81	0,0	81	0,0	81	0,0	81	0,4	81	0,1	81	2,6	81	0,1	81	0,0	81	0,1	81	0,0	81	0,0	81	0,0	81	0,0	81	0,0	81	NaN	81	2,6	
82	8,8E+2	82	7,4E+7	82	0,0	82	0,1	82	0,2	82	1,0	82	2,3	82	3,2	82	29,2	82	0,4	82	0,2	82	0,1	82	0,2	82	3,3	82	0,0	82	0,0	82	0,0	82	0,4	82	0,1	82	2,5	82	0,1	82	0,0	82	0,1	82	0,0	82	0,0	82	0,0	82	0,0	82	0,0	82	NaN	82	2,3	
83	8,5E+2	83	7,5E+7	83	0,0	83	0,1	83	0,2	83	1,0	83	2,3	83	2,9	83	27,6	83	0,4	83	0,1	83	0,1	83	0,2	83	2,2	83	0,0	83	0,0	83	0,0	83	0,6	83	0,1	83	2,2	83	0,1	83	0,0	83	0,0	83	0,0	83	0,0	83	0,0	83	0,0	83	0,0	83	Inf	83	2,4	
84	8,5E+2	84	7,4E+7	84	0,0	84	0,1	84	0,2	84	1,0	84	2,4	84	2,9	84	27,8	84	0,5	84	0,2	84	0,1	84	0,2	84	2,7	84	0,0	84	0,0	84	0,0	84	0,5	84	0,1	84	2,4	84	0,1	84	0,0	84	0,1	84	0,0	84	0,0	84	0,0	84	0,0	84	0,0	84	NaN	84	1,7	
85	8,3E+2	85	7,6E+7	85	0,0	85	0,1	85	0,2	85	1,0	85	1,8	85	2,4	85	26,6	85	0,4	85	0,2	85	0,0	85	0,3	85	2,7	85	0,0	85	0,0	85	0,0	85	0,4	85	0,1	85	2,3	85	0,1	85	0,0	85	0,1	85	0,0	85	0,0	85	0,0	85	0,0	85	0,0	85	NaN	85	2,0	
86	8,2E+2	86	7,6E+7	86	0,0	86	0,1	86	0,2	86	1,0	86	2,1	86	2,7	86	26,5	86	0,4	86	0,2	86	0,1	86	0,2	86	2,9	86	0,0	86	0,0	86	0,0	86	0,4	86	0,1	86	2,2	86	0,1	86	0,0	86	0,1	86	0,0	86	0,0	86	0,0	86	0,0	86	0,0	86	NaN	86	2,2	
87	8,0E+2	87	7,7E+7	87	0,0	87	0,1	87	0,2	87	1,0	87	2,2	87	2,5	87	24,4	87	0,2	87	0,1	87	0,1	87	0,2	87	2,3	87	0,0	87	0,0	87	0,0	87	0,5	87	0,0	87	2,0	87	0,1	87	0,0	87	0,1	87	0,0	87	0,0	87	0,0	87	0,0	87	0,0	87	NaN	87	2,1	
88	8,0E+2	88	7,6E+7	88	0,0	88	0,1	88	0,2	88	1,0	88	1,7	88	3,0	88	24,7	88	0,4	88	0,2	88	0,1	88	0,1	88	2,4	88	0,0	88	0,0	88	0,0	88	0,4	88	0,1	88	2,0	88	0,1	88	0,0	88	0,0	88	0,0	88	0,0	88	0,0	88	0,0	88	0,0	88	NaN	88	2,1	
89	8,1E+2	89	7,5E+7	89	0,0	89	0,1	89	0,2	89	1,0	89	1,9	89	2,7	89	23,6	89	0,3	89	0,1	89	0,1	89	0,2	89	2,6	89	0,0	89	0,0	89	0,0	89	0,6	89	0,1	89	2,4	89	0,1	89	0,0	89	0,1	89	0,0	89	0,0	89	0,0	89	0,0	89	0,0	89	NaN	89	2,2	
90	8,2E+2	90	7,6E+7	90	0,0	90	0,1	90	0,2	90	1,0	90	2,1	90	2,4	90	23,6	90	0,4	90	0,2	90	0,0	90	0,2	90	2,7	90	0,0	90	0,0	90	0,0	90	0,5	90	0,1	90	2,0	90	0,0	90	0,0	90	0,1	90	0,0	90	0,0	90	0,0	90	0,0	90	0,0	90	NaN	90	2,4	
91	7,8E+2	91	7,7E+7	91	0,0	91	0,1	91	0,2	91	0,9	91	1,9	91	2,5	91	23,0	91	0,4	91	0,1	91	0,1	91	0,2	91	2,5	91	0,0	91	0,0	91	0,0	91	0,5	91	0,1	91	1,9	91	0,1	91	0,0	91	0,1	91	0,0	91	0,0	91	0,0	91	0,0	91	0,0	91	NaN	91	2,2	
92	8,1E+2	92	7,4E+7	92	0,0	92	0,1	92	0,2	92	1,0	92	2,5	92	3,2	92	24,1	92	0,5	92	0,2	92	0,0	92	0,3	92	2,5	92	0,0	92	0,0	92	0,0	92	0,5	92	0,1	92	1,9	92	0,1	92	0,0	92	0,1	92	0,0	92	0,0	92	0,0	92	0,0	92	0,0	92	NaN	92	2,4	
93	7,6E+2	93	7,7E+7	93	0,0	93	0,1	93	0,2	93	1,3	93	9,0	93	0,9	93	8,2	93	0,3	93	0,1	93	0,1	93	0,1	93	2,9	93	0,0	93	0,0	93	0,0	93	0,4	93	0,1	93	0,3	93	0,1	93	0,0	93	0,1	93	0,0	93	0,0	93	0,0	93	0,0	93	0,0	93	NaN	93	2,9	
94	7,5E+2	94	7,7E+7	94	0,0	94	0,1	94	0,2	94	0,9	94	1,6	94	0,4	94	2,4	94	0,2	94	0,1	94	0,1	94	0,2	94	2,4	94	0,0	94	0,0	94	0,0	94	0,4	94	0,0	94	0,3	94	0,1	94	0,0	94	0,0	94	0,0	94	0,0	94	0,0	94	0,0	94	0,0	94	NaN	94	1,5	
95	7,8E+2	95	7,5E+7	95	0,0	95	0,1	95	0,2	95	0,9	95	2,1	95	0,5	95	1,8	95	0,2	95	0,1	95	0,0	95	0,1	95	2,1	95	0,0	95	0,0	95	0,0	95	0,7	95	0,1	95	0,3	95	0,1	95	0,0	95	0,0	95	0,0	95	0,0	95	0,0	95	0,0	95	0,0	95	NaN	95	2,0	
96	7,7E+2	96	7,5E+7	96	0,0	96	0,1	96	0,2	96	0,9	96	1,7	96	0,4	96	1,6	96	0,1	96	0,1	96	0,1	96	0,2	96	1,5	96	0,0	96	0,0	96	0,0	96	0,5	96	0,1	96	0,1	96	0,1	96	0,0	96	0,0	96	0,0	96	0,0	96	0,0	96	0,0	96	0,0	96	NaN	96	1,9	
97	7,6E+2	97	7,6E+7	97	0,0	97	0,1	97	0,2	97	0,9	97	2,3	97	0,6	97	1,3	97	0,3	97	0,1	97	0,1	97	0,2	97	1,5	97	0,0	97	0,0	97	0,0	97	0,3	97	0,1	97	0,1	97	0,0	97	0,0	97	0,0	97	0,0	97	0,0	97	0,0	97	0,0	97	0,0	97	NaN	97	1,9	
98	7,5E+2	98	7,7E+7	98	0,0	98	0,1	98	0,2	98	0,9	98	2,2	98	0,5	98	1,4	98	0,2	98	0,2	98	0,0	98	0,2	98	1,1	98	0,0	98	0,0	98	0,0	98	0,4	98	0,1	98	0,1	98	0,1	98	0,0	98	0,1	98	0,0	98	0,0	98	0,0	98	0,0	98	0,0	98	NaN	98	2,1	
99	7,3E+2	99	7,6E+7	99	0,0	99	0,1	99	0,2	99	0,9	99	2,0	99	0,4	99	1,1	99	0,2	99	0,2	99	0,0	99	0,2	99	1,0	99	0,0	99	0,0	99	0,0	99	0,3	99	0,1	99	0,1	99	0,0	99	0,0	99	0,0	99	0,0	99	0,0	99	0,0	99	0,0	99	0,0	99	NaN	99	2,0	
100	7,3E+2	100	7,6E+7	100	0,0	100	0,1	100	0,2	100	0,9	100	2,0	100	0,3	100	1,2	100	0,3	100	0,2	100	0,1	100	0,2	100	1,0	100	0,0	100	0,0	100	0,0	100	0,4	100	0,1	100	0,1	100	0,0	100	0,0	100	0,0	100	0,0	100	0,0	100	0,0	100	0,0	100	0,0	100	NaN	100	2,2	
101	7,3E+2	101	7,5E+7	101	0,0	101	0,1	101	0,2	101	0,9	101	1,8	101	0,4	101	1,0	101	0,2	101	0,1	101	0,0	101	0,2	101	0,7	101	0,0	101	0,0	101	0,0	101	0,5	101	0,1	101	0,2	101	0,0	101	0,0	101	0,0	101	0,0	101	0,0	101	0,0	101	0,0	101	0,0	101	NaN	101	1,9	
102	7,4E+2	102	7,5E+7	102	0,0	102	0,1	102	0,2	102	0,9	102	2,2	102	0,4	102	0,9	102	0,2	102	0,1	102	0,1	102	0,2	102	0,7	102	0,0	102	0,0	102	0,0	102	0,4	102	0,1	102	0,1	102	0,0	102	0,0	102	0,0	102	0,0	102	0,0	102	0,0	102	0,0	102	0,0	102	NaN	102	2,2	
103	7,0E+2	103	7,7E+7	103	0,0	103	0,1	103	0,2	103	0,9	103	2,3	103	0,2	103	0,8	103	0,2	103	0,1	103	0,1	103	0,1	103	0,7	103	0,0	103	0,0	103	0,0	103	0,3	103	0,1	103	0,1	103	0,0	103	0,0	103	0,0	103	0,0	103	0,0	103	0,0	103	0,0	103	0,0	103	NaN	103	2,0	
104	7,2E+2	104	7,6E+7	104	0,0	104	0,1	104	0,2	104	0,9	104	1,9	104	0,4	104	0,9	104	0,2	104	0,1	104	0,0	104	0,1	104	0,6	104	0,0	104	0,0	104	0,0	104	0,5	104	0,1	104	0,1	104	0,0	104	0,0	104	0,0	104	0,0	104	0,0	104	0,0	104	0,0	104	0,0	104	NaN	104	2,0	
105	7,4E+2	105	7,4E+7	105	0,0	105	0,1	105	0,2	105	0,9	105	1,7	105	0,5	105	0,7	105	0,2	105	0,1	105	0,0	105	0,2	105	0,7	105	0,0	105	0,0	105	0,0	105	0,3	105	0,1	105	0,1	105	0,0	105	0,0	105	0,0	105	0,0	105	0,0	105	0,0	105	0,0	105	0,0	105	NaN	105	1,8	
106	7,1E+2	106	7,7E+7	106	0,0	106	0,1	106	0,2	106	0,9	106	2,1	106	0,4	106	0,8	106	0,2	106	0,1	106	0,0	106	0,1	106	0,4	106	0,0	106	0,0	106	0,0	106	0,4	106	0,1	106	0,0	106	0,0	106	0,0	106	0,0	106	0,0	106	0,0	106	0,0	106	0,0	106	0,0	106	NaN	106	1,9	
107	7,3E+2	107	7,5E+7	107	0,0	107	0,1	107	0,2	107	0,9	107	2,2	107	0,5	107	0,7	107	0,3	107	0,1	107	0,0	107	0,2	107	0,5	107	0,0	107	0,0	107	0,0	107	0,4	107	0,1	107	0,1	107	0,0	107	0,0	107	0,0	107	0,0	107	0,0	107	0,0	107	0,0	107	0,0	107	NaN	107	2,2	
108	7,1E+2	108	7,6E+7	108	0,0	108	0,1	108	0,2	108	0,9	108	2,1	108	0,3	108	0,5	108	0,2	108	0,1	108	0,0	108	0,1	108	0,5	108	0,0	108	0,0	108	0,0	108	0,3	108	0,1	108	0,1	108	0,0	108	0,0	108	0,0	108	0,0	108	0,0	108	0,0	108	0,0	108	0,0	108	NaN	108	2,0	
109	7,2E+2	109	7,4E+7	109	0,0	109	0,1	109	0,2	109	0,9	109	2,2	109	0,2	109	0,6	109	0,2	109	0,1	109	0,0	109	0,1	109	0,5	109	0,0	109	0,0	109	0,0	109	0,4	109	0,1	109	0,1	109	0,1	109	0,0	109	0,0	109	0,0	109	0,0	109	0,0	109	0,0	109	0,0	109	NaN	109	2,3	
110	6,9E+2	110	7,5E+7	110	0,0	110	0,1	110	0,2	110	0,9	110	2,1	110	0,3	110	0,5	110	0,2	110	0,1	110	0,0	110	0,1	110	0,3	110	0,0	110	0,0	110	0,0	110	0,3	110	0,1	110	0,0	110	0,0	110	0,0	110	0,0	110	0,0	110	0,0	110	0,0	110	0,0	110	0,0	110	NaN	110	1,8	
111	6,8E+2	111	7,6E+7	111	0,0	111	0,1	111	0,2	111	0,9	111	1,7	111	0,5	111	0,6	111	0,1	111	0,1	111	0,1	111	0,2	111	0,4	111	0,0	111	0,0	111	0,0	111	0,4	111	0,1	111	0,0	111	0,0	111	0,0	111	0,1	111	0,0	111	0,0	111	0,0	111	0,0	111	0,0	111	NaN	111	1,7	
112	6,9E+2	112	7,5E+7	112	0,0	112	0,1	112	0,2	112	0,9	112	2,3	112	0,3	112	0,6	112	0,2	112	0,2	112	0,0	112	0,1	112	0,4	112	0,0	112	0,0	112	0,0	112	0,3	112	0,1	112	0,1	112	0,0	112	0,0	112	0,0	112	0,0	112	0,0	112	0,0	112	0,0	112	0,0	112	NaN	112	2,1	
113	6,8E+2	113	7,7E+7	113	0,0	113	0,1	113	0,2	113	0,9	113	1,8	113	0,3	113	0,6	113	0,2	113	0,1	113	0,0	113	0,1	113	0,3	113	0,0	113	0,0	113	0,0	113	0,4	113	0,1	113	0,0	113	0,0	113	0,0	113	0,1	113	0,0	113	0,0	113	0,0	113	0,0	113	0,0	113	NaN	113	2,1	
114	6,7E+2	114	7,7E+7	114	0,0	114	0,1	114	0,2	114	0,9	114	1,8	114	0,3	114	0,5	114	0,2	114	0,1	114	0,0	114	0,1	114	0,4	114	0,0	114	0,0	114	0,0	114	0,4	114	0,1	114	0,1	114	0,1	114	0,0	114	0,0	114	0,0	114	0,0	114	0,0	114	0,0	114	0,0	114	NaN	114	2,0	
115	6,4E+2	115	7,8E+7	115	0,0	115	0,1	115	0,2	115	0,9	115	2,1	115	0,4	115	0,5	115	0,2	115	0,2	115	0,0	115	0,1	115	0,4	115	0,0	115	0,0	115	0,0	115	0,3	115	0,1	115	0,0	115	0,0	115	0,0	115	0,0	115	0,0	115	0,0	115	0,0	115	0,0	115	0,0	115	NaN	115	2,1	
116	6,7E+2	116	7,5E+7	116	0,0	116	0,1	116	0,2	116	0,9	116	2,1	116	0,4	116	0,5	116	0,1	116	0,1	116	0,0	116	0,2	116	0,3	116	0,0	116	0,0	116	0,0	116	0,4	116	0,1	116	0,0	116	0,0	116	0,0	116	0,0	116	0,0	116	0,0	116	0,0	116	0,0	116	0,0	116	NaN	116	1,9	
117	6,8E+2	117	7,6E+7	117	0,0	117	0,1	117	0,2	117	0,9	117	2,1	117	0,4	117	0,5	117	0,2	117	0,2	117	0,1	117	0,2	117	0,3	117	0,0	117	0,0	117	0,0	117	0,4	117	0,1	117	0,1	117	0,0	117	0,0	117	0,0	117	0,0	117	0,0	117	0,0	117	0,0	117	0,0	117	NaN	117	1,8	
118	6,8E+2	118	7,5E+7	118	0,0	118	0,1	118	0,2	118	0,9	118	2,2	118	0,4	118	0,4	118	0,1	118	0,1	118	0,0	118	0,1	118	0,3	118	0,0	118	0,0	118	0,0	118	0,5	118	0,1	118	0,0	118	0,1	118	0,0	118	0,0	118	0,0	118	0,0	118	0,0	118	0,0	118	0,0	118	Inf	118	2,3	
119	6,6E+2	119	7,6E+7	119	0,0	119	0,1	119	0,2	119	0,9	119	1,9	119	0,4	119	0,5	119	0,2	119	0,1	119	0,0	119	0,1	119	0,3	119	0,0	119	0,0	119	0,0	119	0,5	119	0,0	119	0,0	119	0,0	119	0,0	119	0,0	119	0,0	119	0,0	119	0,0	119	0,0	119	0,0	119	NaN	119	2,0	
120	6,4E+2	120	7,7E+7	120	0,0	120	0,1	120	0,2	120	0,9	120	2,0	120	0,3	120	0,5	120	0,3	120	0,2	120	0,0	120	0,1	120	0,3	120	0,0	120	0,0	120	0,0	120	0,3	120	0,1	120	0,0	120	0,0	120	0,0	120	0,0	120	0,0	120	0,0	120	0,0	120	0,0	120	0,0	120	Inf	120	1,8	
121	6,6E+2	121	7,5E+7	121	0,0	121	0,1	121	0,2	121	0,9	121	2,0	121	0,5	121	0,5	121	0,2	121	0,2	121	0,0	121	0,1	121	0,2	121	0,0	121	0,0	121	0,0	121	0,4	121	0,1	121	0,0	121	0,1	121	0,0	121	0,0	121	0,0	121	0,0	121	0,0	121	0,0	121	0,0	121	NaN	121	2,0	
122	6,6E+2	122	7,6E+7	122	0,0	122	0,1	122	0,2	122	0,9	122	2,4	122	0,3	122	0,4	122	0,2	122	0,1	122	0,1	122	0,1	122	0,3	122	0,0	122	0,0	122	0,0	122	0,5	122	0,1	122	0,0	122	0,1	122	0,0	122	0,0	122	0,0	122	0,0	122	0,0	122	0,0	122	0,0	122	NaN	122	1,9	
123	6,7E+2	123	7,5E+7	123	0,0	123	0,1	123	0,2	123	0,9	123	1,8	123	0,3	123	0,5	123	0,1	123	0,1	123	0,0	123	0,1	123	0,3	123	0,0	123	0,0	123	0,0	123	0,4	123	0,1	123	0,0	123	0,1	123	0,0	123	0,1	123	0,0	123	0,0	123	0,0	123	0,0	123	0,0	123	NaN	123	2,2	
124	6,2E+2	124	7,8E+7	124	0,0	124	0,1	124	0,2	124	0,9	124	1,8	124	0,3	124	0,4	124	0,1	124	0,1	124	0,1	124	0,1	124	0,2	124	0,0	124	0,0	124	0,0	124	0,3	124	0,0	124	0,1	124	0,0	124	0,0	124	0,1	124	0,0	124	0,0	124	0,0	124	0,0	124	0,0	124	NaN	124	1,8	
125	6,3E+2	125	7,6E+7	125	0,0	125	0,1	125	0,2	125	0,9	125	1,6	125	0,3	125	0,5	125	0,1	125	0,1	125	0,1	125	0,1	125	0,2	125	0,0	125	0,0	125	0,0	125	0,3	125	0,1	125	0,1	125	0,0	125	0,0	125	0,0	125	0,0	125	0,0	125	0,0	125	0,0	125	0,0	125	NaN	125	1,8	
126	6,4E+2	126	7,6E+7	126	0,0	126	0,1	126	0,2	126	0,9	126	1,9	126	0,2	126	0,4	126	0,2	126	0,2	126	0,0	126	0,1	126	0,3	126	0,0	126	0,0	126	0,0	126	0,4	126	0,1	126	0,1	126	0,0	126	0,0	126	0,0	126	0,0	126	0,0	126	0,0	126	0,0	126	0,0	126	NaN	126	1,8	
127	6,3E+2	127	7,6E+7	127	0,0	127	0,1	127	0,2	127	0,9	127	2,1	127	0,4	127	0,4	127	0,1	127	0,1	127	0,0	127	0,1	127	0,2	127	0,0	127	0,0	127	0,0	127	0,4	127	0,1	127	0,0	127	0,0	127	0,0	127	0,0	127	0,0	127	0,0	127	0,0	127	0,0	127	0,0	127	NaN	127	2,1	
128	6,3E+2	128	7,6E+7	128	0,0	128	0,1	128	0,2	128	0,9	128	2,0	128	0,3	128	0,4	128	0,2	128	0,2	128	0,1	128	0,1	128	0,2	128	0,0	128	0,0	128	0,0	128	0,3	128	0,1	128	0,1	128	0,0	128	0,0	128	0,0	128	0,0	128	0,0	128	0,0	128	0,0	128	0,0	128	NaN	128	1,9	
129	6,2E+2	129	7,6E+7	129	0,0	129	0,1	129	0,2	129	0,9	129	1,9	129	0,3	129	0,4	129	0,2	129	0,2	129	0,0	129	0,1	129	0,2	129	0,0	129	0,0	129	0,0	129	0,2	129	0,1	129	0,0	129	0,0	129	0,0	129	0,0	129	0,0	129	0,0	129	0,0	129	0,0	129	0,0	129	NaN	129	2,0	
130	6,4E+2	130	7,5E+7	130	0,0	130	0,1	130	0,2	130	0,9	130	1,9	130	0,3	130	0,4	130	0,2	130	0,1	130	0,1	130	0,1	130	0,2	130	0,0	130	0,0	130	0,0	130	0,3	130	0,1	130	0,0	130	0,0	130	0,0	130	0,0	130	0,0	130	0,0	130	0,0	130	0,0	130	0,0	130	NaN	130	2,1	
131	6,2E+2	131	7,6E+7	131	0,0	131	0,1	131	0,2	131	0,9	131	2,3	131	0,3	131	0,3	131	0,2	131	0,1	131	0,0	131	0,2	131	0,2	131	0,0	131	0,0	131	0,0	131	0,4	131	0,0	131	0,0	131	0,1	131	0,0	131	0,1	131	0,0	131	0,0	131	0,0	131	0,0	131	0,0	131	NaN	131	1,9	
132	6,1E+2	132	7,5E+7	132	0,0	132	0,1	132	0,2	132	0,9	132	2,2	132	0,4	132	0,5	132	0,3	132	0,1	132	0,0	132	0,1	132	0,2	132	0,0	132	0,0	132	0,0	132	0,3	132	0,1	132	0,0	132	0,1	132	0,0	132	0,0	132	0,0	132	0,0	132	0,0	132	0,0	132	0,0	132	NaN	132	2,1	
133	6,3E+2	133	7,5E+7	133	0,0	133	0,1	133	0,2	133	0,9	133	1,8	133	0,3	133	0,4	133	0,2	133	0,1	133	0,0	133	0,1	133	0,2	133	0,0	133	0,0	133	0,0	133	0,4	133	0,1	133	0,1	133	0,0	133	0,0	133	0,0	133	0,0	133	0,0	133	0,0	133	0,0	133	0,0	133	NaN	133	2,1	
134	6,2E+2	134	7,5E+7	134	0,0	134	0,1	134	0,2	134	0,9	134	1,8	134	0,2	134	0,4	134	0,1	134	0,1	134	0,0	134	0,1	134	0,2	134	0,0	134	0,0	134	0,0	134	0,3	134	0,1	134	0,0	134	0,0	134	0,0	134	0,0	134	0,0	134	0,0	134	0,0	134	0,0	134	0,0	134	NaN	134	2,0	
135	6,0E+2	135	7,5E+7	135	0,0	135	0,1	135	0,2	135	0,9	135	2,3	135	0,4	135	0,4	135	0,2	135	0,1	135	0,0	135	0,1	135	0,2	135	0,0	135	0,0	135	0,0	135	0,3	135	0,1	135	0,0	135	0,0	135	0,0	135	0,0	135	0,0	135	0,0	135	0,0	135	0,0	135	0,0	135	NaN	135	2,0	
136	6,1E+2	136	7,6E+7	136	0,0	136	0,1	136	0,2	136	0,9	136	2,0	136	0,3	136	0,4	136	0,1	136	0,1	136	0,0	136	0,1	136	0,2	136	0,0	136	0,0	136	0,0	136	0,3	136	0,1	136	0,1	136	0,0	136	0,0	136	0,0	136	0,0	136	0,0	136	0,0	136	0,0	136	0,0	136	NaN	136	2,0	
137	6,0E+2	137	7,6E+7	137	0,0	137	0,1	137	0,2	137	0,9	137	1,8	137	0,3	137	0,4	137	0,2	137	0,2	137	0,1	137	0,1	137	0,2	137	0,0	137	0,0	137	0,0	137	0,5	137	0,1	137	0,0	137	0,0	137	0,0	137	0,0	137	0,0	137	0,0	137	0,0	137	0,0	137	0,0	137	NaN	137	1,9	
138	6,1E+2	138	7,4E+7	138	0,0	138	0,1	138	0,2	138	0,9	138	1,9	138	0,2	138	0,4	138	0,2	138	0,1	138	0,0	138	0,1	138	0,2	138	0,0	138	0,0	138	0,0	138	0,5	138	0,1	138	0,0	138	0,0	138	0,0	138	0,0	138	0,0	138	0,0	138	0,0	138	0,0	138	0,0	138	NaN	138	2,3	
139	6,0E+2	139	7,5E+7	139	0,0	139	0,1	139	0,2	139	0,9	139	1,9	139	0,4	139	0,3	139	0,2	139	0,1	139	0,1	139	0,1	139	0,2	139	0,0	139	0,0	139	0,0	139	0,5	139	0,1	139	0,0	139	0,0	139	0,0	139	0,0	139	0,0	139	0,0	139	0,0	139	0,0	139	0,0	139	NaN	139	2,1	
140	5,8E+2	140	7,7E+7	140	0,0	140	0,1	140	0,2	140	0,9	140	2,3	140	0,3	140	0,2	140	0,2	140	0,1	140	0,1	140	0,1	140	0,2	140	0,0	140	0,0	140	0,0	140	0,4	140	0,1	140	0,0	140	0,0	140	0,0	140	0,0	140	0,0	140	0,0	140	0,0	140	0,0	140	0,0	140	NaN	140	2,1	
141	5,8E+2	141	7,6E+7	141	0,0	141	0,1	141	0,2	141	0,9	141	1,9	141	0,4	141	0,5	141	0,2	141	0,2	141	0,0	141	0,1	141	0,2	141	0,0	141	0,0	141	0,0	141	0,3	141	0,1	141	0,0	141	0,1	141	0,0	141	0,1	141	0,0	141	0,0	141	0,0	141	0,0	141	0,0	141	NaN	141	1,9	
142	5,9E+2	142	7,6E+7	142	0,0	142	0,1	142	0,2	142	0,9	142	1,8	142	0,2	142	0,3	142	0,2	142	0,1	142	0,0	142	0,1	142	0,2	142	0,0	142	0,0	142	0,0	142	0,4	142	0,0	142	0,0	142	0,0	142	0,0	142	0,0	142	0,0	142	0,0	142	0,0	142	0,0	142	0,0	142	NaN	142	1,8	
143	5,8E+2	143	7,6E+7	143	0,0	143	0,1	143	0,2	143	0,9	143	2,0	143	0,3	143	0,4	143	0,2	143	0,1	143	0,0	143	0,1	143	0,2	143	0,0	143	0,0	143	0,0	143	0,2	143	0,1	143	0,0	143	0,0	143	0,0	143	0,1	143	0,0	143	0,0	143	0,0	143	0,0	143	0,0	143	NaN	143	2,0	
144	5,7E+2	144	7,6E+7	144	0,0	144	0,1	144	0,2	144	0,9	144	1,9	144	0,2	144	0,4	144	0,2	144	0,1	144	0,1	144	0,1	144	0,2	144	0,0	144	0,0	144	0,0	144	0,3	144	0,1	144	0,0	144	0,0	144	0,0	144	0,0	144	0,0	144	0,0	144	0,0	144	0,0	144	0,0	144	NaN	144	2,1	
145	6,0E+2	145	7,5E+7	145	0,0	145	0,1	145	0,2	145	0,9	145	1,7	145	0,3	145	0,4	145	0,3	145	0,1	145	0,0	145	0,1	145	0,2	145	0,0	145	0,0	145	0,0	145	0,4	145	0,0	145	0,1	145	0,0	145	0,0	145	0,0	145	0,0	145	0,0	145	0,0	145	0,0	145	0,0	145	NaN	145	2,4	
146	5,7E+2	146	7,7E+7	146	0,0	146	0,1	146	0,2	146	0,9	146	1,8	146	0,2	146	0,3	146	0,3	146	0,2	146	0,0	146	0,1	146	0,2	146	0,0	146	0,0	146	0,0	146	0,4	146	0,1	146	0,0	146	0,1	146	0,0	146	0,0	146	0,0	146	0,0	146	0,0	146	0,0	146	0,0	146	NaN	146	2,0	
